2.1075014278077734451417326e-10 5.9840792432150276184082031e+10
2.5415463401933748802245111e-10 6.2975945990214714050292969e+10
3.0649838306726454881562076e-10 7.1551395744996749877929688e+10
3.6962245125028754583589714e-10 8.1294566561217346191406250e+10
4.4574707083622103799591205e-10 8.3396956526440795898437500e+10
5.3754973618886009107786149e-10 9.4753140211325149536132813e+10
6.4825937798003923557247600e-10 9.7203587511560028076171875e+10
7.8176993280380000833673793e-10 9.7203587511560028076171875e+10
9.4277730272168404610478145e-10 9.4753140211325149536132813e+10
1.1369445219508664714742362e-9 8.3396956526440795898437500e+10
1.3711009400230371875238927e-9 6.6275355191180091857910156e+10
1.6026716617253409319639802e-9 4.6952082223136550903320313e+10
1.8157859914491363879395993e-9 3.0809993322070529937744141e+10
1.9940210506817945520879860e-9 1.7568739377570785522460938e+10
1.9940210506817945520879860e-9 1.3266766897030258178710938e+10
2.1897514185517605301503229e-9 8.3785491685058155059814453e+9
2.1897514185517605301503229e-9 5.2914238046033182144165039e+9
2.3307992413438357427347303e-9 3.0953532920408210754394531e+9
2.3307992413438357427347303e-9 1.9548522976661155223846436e+9
2.3307992413438357427347303e-9 1.2827756168617424964904785e+9
2.4809323366220194900479194e-9 7.2219645350765049457550049e+8
2.4809323366220194900479194e-9 4.5609895327164226770401001e+8
2.4809323366220194900479194e-9 2.8804663075416660308837891e+8
2.4809323366220194900479194e-9 1.8191416773415026068687439e+8
2.4809323366220194900479194e-9 1.1937222009543435275554657e+8
2.6407359114069720816798696e-9 6.7205981207505881786346436e+7
2.6407359114069720816798696e-9 4.2443545012524075806140900e+7
2.6407359114069720816798696e-9 2.6804973022683106362819672e+7
2.6407359114069720816798696e-9 1.6928524196900963783264160e+7
2.6407359114069720816798696e-9 1.1108510906509175896644592e+7
2.8108328674893849003137265e-9 6.2540377872622776776552200e+6
2.8108328674893849003137265e-9 3.9497010469068912789225578e+6
2.8108328674893849003137265e-9 2.4944106336726373992860317e+6
2.8108328674893849003137265e-9 1.5753304707078393548727036e+6
2.9918862294522782757913565e-9 8.2150513532797049265354872e+5
3.1846017290887315125514181e-9 4.4512492633119289530441165e+5
3.4971978612813741756444571e-9 2.7055316324425034690648317e+5
4.2174540467653935513104994e-9 1.5826697226398522616364062e+5
5.0860487001615440598876737e-9 1.0790959542085658176802099e+5
6.1335324803964369575106356e-9 7.3574926071563793811947107e+4
7.3967480269866490994876008e-9 5.2793076182143136975355446e+4
8.9201258083489624239212449e-9 3.4203407501894500455819070e+4
1.0426681533618953450499230e-8 2.3320569116516871872590855e+4
1.2187685481045092090308654e-8 1.4727969255569892993662506e+4
1.4246112428574514277334538e-8 8.9518659471648516046116129e+3
1.6140480922066813374517974e-8 5.8742214826909776093089022e+3
1.8286751961402972347227490e-8 4.0051620027985627530142665e+3
2.2052951854876187735388598e-8 1.5974509635535200686717872e+3
2.4217639322793135192110427e-8 9.3446967801133780540112639e+2
2.7437965790794346274432394e-8 5.0633371441733930851114565e+2
3.1086513293153231918969099e-8 2.7435221964746432377069141e+2
3.4137922745717886530320039e-8 1.7326554236206050063628936e+2
3.6336838858813558618170365e-8 1.1369698531686204034940602e+2
3.9903613058431598637320194e-8 6.9106619758077158621745184e+1
4.4278779349977901655789034e-8 3.7444779960543186803079152e+1
4.9133653583024259198129221e-8 2.2470753882231310427641802e+1
5.2845432079194231928446861e-8 1.4934776617331172232638892e+1
5.9872522596535442882219184e-8 6.4309069453584726261397009e+0
6.3729074023224721804305008e-8 4.3847213144717755994861363e+0
6.7834036378027464565205269e-8 2.8772575788224763471134793e+0
7.2958526400144716514570775e-8 1.7488374462312294976840121e+0
7.9290798095203750632238657e-8 1.2873162751742961429357592e+0
8.1804616890083840482269378e-8 8.4473795332485690501300724e-1
8.7073873943159624684834527e-8 5.3348932195527154487280086e-1
9.2682538121980872413159373e-8 3.6374371778287051260036833e-1
9.8652471559263366864038708e-8 2.3868891399906669303909723e-1
1.0500694458693447783012012e-7 1.5074258991963557230420179e-1
1.1177072644205974614113776e-7 9.5200602470244810593413831e-2
1.1897018181538596400526178e-7 6.0123384609016533586256514e-2
1.2663337361883562359618710e-7 3.9453012317977043110772684e-2
1.3479017237253397728629885e-7 2.4916319561311503494316355e-2
1.4347237263775328965202682e-7 1.5144487928994729980525236e-2
1.5271381694961630786547648e-7 9.5644129221361742776430503e-3
1.6255052773264063383498116e-7 6.0403491338909612307084274e-3
1.7302084771332416316190581e-7 3.8147472256089731863781811e-3
1.8225948771935812008716847e-7 2.0669853476855096392761357e-3
1.9602819405210645176121571e-7 1.3053925271002447990043027e-3
2.0865490124026692679337679e-7 7.6362264777393479460443348e-4
2.2209492885504501345371366e-7 4.4670054109211253809755271e-4
2.3640066506910590047426583e-7 2.8211111841998213643420423e-4
2.4902354069724392469017417e-7 1.5285928888779580048055962e-4
2.6506382177287056351575501e-7 8.2825385720874844150928007e-5
2.8213730081951809786227378e-7 4.7229403796541523700112941e-5
2.9412631033577112196571624e-7 2.8342543602470411277186729e-5
3.1307178302607510806657067e-7 1.5357143967276209642726717e-5
4.5530690520713281632255126e-7 7.1724679555967883417709127e-7
4.6974185961854024105155804e-7 4.1957180370053708362527512e-7
4.6974185961854024105155804e-7 2.7532334793391981140410528e-7
5.0522828503440738255180365e-7 1.4728900662967959278228265e-7
5.3777140797217327636335713e-7 7.7795286287630731288900393e-8
5.6648630857204082898325326e-7 4.9131158804396414675047782e-8