Solar, nuclear, hep, in eV^-1 cm^-2 s^-1 

    Energy[eV]       Flux min        Flux max

   1.8784000e+04   8.2616800e-09   1.5918487e-08
   3.7567000e+04   3.2982320e-08   6.3549863e-08
   5.6351000e+04   7.4065600e-08   1.4270854e-07
   7.5135000e+04   1.3141520e-07   2.5320893e-07
   9.3919000e+04   2.0493200e-07   3.9486005e-07
   1.1270000e+05   2.9452640e-07   5.6748926e-07
   1.3149000e+05   4.0009760e-07   7.7090234e-07
   1.5027000e+05   5.2155600e-07   1.0049266e-06
   1.6905000e+05   6.5878400e-07   1.2693356e-06
   1.8784000e+05   8.1172000e-07   1.5640105e-06
   2.0662000e+05   9.8028000e-07   1.8887895e-06
   2.2540000e+05   1.1642960e-06   2.2433489e-06
   2.4419000e+05   1.3637680e-06   2.6276887e-06
   2.6297000e+05   1.5785280e-06   3.0414852e-06
   2.8176000e+05   1.8084640e-06   3.4845226e-06
   3.0054000e+05   2.0535760e-06   3.9568009e-06
   3.1932000e+05   2.3136960e-06   4.4579964e-06
   3.3811000e+05   2.5888240e-06   4.9881091e-06
   3.5689000e+05   2.8787360e-06   5.5467074e-06
   3.7567000e+05   3.1833760e-06   6.1336834e-06
   3.9446000e+05   3.5027440e-06   6.7490371e-06
   4.1324000e+05   3.8366160e-06   7.3923369e-06
   4.3203000e+05   4.1849920e-06   8.0635828e-06
   4.5081000e+05   4.5477040e-06   8.7624511e-06
   4.6959000e+05   4.9247520e-06   9.4889418e-06
   4.8838000e+05   5.3160240e-06   1.0242839e-05
   5.0716000e+05   5.7215200e-06   1.1024143e-05
   5.2594000e+05   6.1409600e-06   1.1832314e-05
   5.4473000e+05   6.5738400e-06   1.2666381e-05
   5.6351000e+05   7.0212800e-06   1.3528502e-05
   5.8230000e+05   7.4821600e-06   1.4416519e-05
   6.0108000e+05   7.9564800e-06   1.5330432e-05
   6.1986000e+05   8.4442400e-06   1.6270241e-05
   6.3865000e+05   8.9460000e-06   1.7237025e-05
   6.5743000e+05   9.4606400e-06   1.8228626e-05
   6.7621000e+05   9.9887200e-06   1.9246123e-05
   6.9500000e+05   1.0530240e-05   2.0289516e-05
   7.1378000e+05   1.1084640e-05   2.1357726e-05
   7.3257000e+05   1.1652480e-05   2.2451832e-05
   7.5135000e+05   1.2232640e-05   2.3569676e-05
   7.7013000e+05   1.2826240e-05   2.4713416e-05
   7.8892000e+05   1.3432160e-05   2.5880894e-05
   8.0770000e+05   1.4050400e-05   2.7072110e-05
   8.2648000e+05   1.4682080e-05   2.8289222e-05
   8.4527000e+05   1.5325520e-05   2.9528993e-05
   8.6405000e+05   1.5981840e-05   3.0793581e-05
   8.8284000e+05   1.6649920e-05   3.2080828e-05
   9.0162000e+05   1.7330880e-05   3.3392892e-05
   9.2040000e+05   1.8023600e-05   3.4727615e-05
   9.3919000e+05   1.8728080e-05   3.6084997e-05
   9.5797000e+05   1.9444880e-05   3.7466117e-05
   9.7675000e+05   2.0173440e-05   3.8869896e-05
   9.9554000e+05   2.0913760e-05   4.0296334e-05
   1.0143000e+06   2.1666400e-05   4.1746510e-05
   1.0331000e+06   2.2429680e-05   4.3217187e-05
   1.0519000e+06   2.3205280e-05   4.4711602e-05
   1.0707000e+06   2.3991520e-05   4.6226518e-05
   1.0895000e+06   2.4789520e-05   4.7764093e-05
   1.1082000e+06   2.5598720e-05   4.9323248e-05
   1.1270000e+06   2.6419120e-05   5.0903983e-05
   1.1458000e+06   2.7250720e-05   5.2506298e-05
   1.1646000e+06   2.8093520e-05   5.4130193e-05
   1.1834000e+06   2.8946960e-05   5.5774589e-05
   1.2022000e+06   2.9811040e-05   5.7439486e-05
   1.2209000e+06   3.0686320e-05   5.9125963e-05
   1.2397000e+06   3.1571680e-05   6.0831862e-05
   1.2585000e+06   3.2468240e-05   6.2559341e-05
   1.2773000e+06   3.3374880e-05   6.4306242e-05
   1.2961000e+06   3.4292160e-05   6.6073644e-05
   1.3149000e+06   3.5219520e-05   6.7860468e-05
   1.3336000e+06   3.6157520e-05   6.9667793e-05
   1.3524000e+06   3.7105600e-05   7.1494540e-05
   1.3712000e+06   3.8063760e-05   7.3340709e-05
   1.3900000e+06   3.9031440e-05   7.5205221e-05
   1.4088000e+06   4.0009200e-05   7.7089155e-05
   1.4276000e+06   4.0997040e-05   7.8992511e-05
   1.4463000e+06   4.1994960e-05   8.0915289e-05
   1.4651000e+06   4.3001840e-05   8.2855331e-05
   1.4839000e+06   4.4018800e-05   8.4814795e-05
   1.5027000e+06   4.5044720e-05   8.6791523e-05
   1.5215000e+06   4.6080720e-05   8.8787673e-05
   1.5403000e+06   4.7125680e-05   9.0801087e-05
   1.5590000e+06   4.8179600e-05   9.2831765e-05
   1.5778000e+06   4.9243040e-05   9.4880786e-05
   1.5966000e+06   5.0316000e-05   9.6948150e-05
   1.6154000e+06   5.1397360e-05   9.9031699e-05
   1.6342000e+06   5.2487680e-05   1.0113251e-04
   1.6530000e+06   5.3586960e-05   1.0325059e-04
   1.6718000e+06   5.4695200e-05   1.0538593e-04
   1.6905000e+06   5.5812400e-05   1.0753853e-04
   1.7093000e+06   5.6935200e-05   1.0970193e-04
   1.7281000e+06   5.8072000e-05   1.1189230e-04
   1.7469000e+06   5.9214400e-05   1.1409346e-04
   1.7657000e+06   6.0362400e-05   1.1630541e-04
   1.7845000e+06   6.1521600e-05   1.1853894e-04
   1.8032000e+06   6.2692000e-05   1.2079405e-04
   1.8220000e+06   6.3868000e-05   1.2305995e-04
   1.8408000e+06   6.5049600e-05   1.2533664e-04
   1.8596000e+06   6.6242400e-05   1.2763491e-04
   1.8784000e+06   6.7440800e-05   1.2994397e-04
   1.8972000e+06   6.8650400e-05   1.3227461e-04
   1.9159000e+06   6.9865600e-05   1.3461604e-04
   1.9347000e+06   7.1086400e-05   1.3696826e-04
   1.9535000e+06   7.2318400e-05   1.3934206e-04
   1.9723000e+06   7.3556000e-05   1.4172665e-04
   1.9911000e+06   7.4799200e-05   1.4412203e-04
   2.0099000e+06   7.6053600e-05   1.4653899e-04
   2.0286000e+06   7.7313600e-05   1.4896674e-04
   2.0474000e+06   7.8579200e-05   1.5140528e-04
   2.0662000e+06   7.9850400e-05   1.5385461e-04
   2.0850000e+06   8.1132800e-05   1.5632552e-04
   2.1038000e+06   8.2420800e-05   1.5880722e-04
   2.1226000e+06   8.3714400e-05   1.6129971e-04
   2.1413000e+06   8.5019200e-05   1.6381378e-04
   2.1601000e+06   8.6329600e-05   1.6633864e-04
   2.1789000e+06   8.7640000e-05   1.6886350e-04
   2.1977000e+06   8.8961600e-05   1.7140994e-04
   2.2165000e+06   9.0294400e-05   1.7397796e-04
   2.2353000e+06   9.1627200e-05   1.7654598e-04
   2.2540000e+06   9.2971200e-05   1.7913558e-04
   2.2728000e+06   9.4315200e-05   1.8172518e-04
   2.2916000e+06   9.5670400e-05   1.8433636e-04
   2.3104000e+06   9.7031200e-05   1.8695833e-04
   2.3292000e+06   9.8397600e-05   1.8959109e-04
   2.3480000e+06   9.9769600e-05   1.9223464e-04
   2.3668000e+06   1.0114720e-04   1.9488898e-04
   2.3855000e+06   1.0253040e-04   1.9755411e-04
   2.4043000e+06   1.0391920e-04   2.0023003e-04
   2.4231000e+06   1.0531360e-04   2.0291674e-04
   2.4419000e+06   1.0671360e-04   2.0561424e-04
   2.4607000e+06   1.0812480e-04   2.0833332e-04
   2.4795000e+06   1.0953600e-04   2.1105240e-04
   2.4982000e+06   1.1095280e-04   2.1378227e-04
   2.5170000e+06   1.1237520e-04   2.1652293e-04
   2.5358000e+06   1.1380320e-04   2.1927438e-04
   2.5546000e+06   1.1523680e-04   2.2203662e-04
   2.5734000e+06   1.1667600e-04   2.2480965e-04
   2.5922000e+06   1.1812080e-04   2.2759347e-04
   2.6109000e+06   1.1956560e-04   2.3037729e-04
   2.6297000e+06   1.2102160e-04   2.3318269e-04
   2.6485000e+06   1.2247760e-04   2.3598809e-04
   2.6673000e+06   1.2394480e-04   2.3881507e-04
   2.6861000e+06   1.2541200e-04   2.4164205e-04
   2.7049000e+06   1.2688480e-04   2.4447982e-04
   2.7236000e+06   1.2835760e-04   2.4731759e-04
   2.7424000e+06   1.2984160e-04   2.5017694e-04
   2.7612000e+06   1.3132560e-04   2.5303629e-04
   2.7800000e+06   1.3282080e-04   2.5591722e-04
   2.7988000e+06   1.3431040e-04   2.5878736e-04
   2.8176000e+06   1.3581120e-04   2.6167908e-04
   2.8363000e+06   1.3731760e-04   2.6458159e-04
   2.8551000e+06   1.3882400e-04   2.6748410e-04
   2.8739000e+06   1.4033600e-04   2.7039740e-04
   2.8927000e+06   1.4184800e-04   2.7331070e-04
   2.9115000e+06   1.4336560e-04   2.7623479e-04
   2.9303000e+06   1.4488880e-04   2.7916967e-04
   2.9490000e+06   1.4641760e-04   2.8211534e-04
   2.9678000e+06   1.4794640e-04   2.8506101e-04
   2.9866000e+06   1.4948080e-04   2.8801747e-04
   3.0054000e+06   1.5102080e-04   2.9098472e-04
   3.0242000e+06   1.5256080e-04   2.9395197e-04
   3.0430000e+06   1.5410640e-04   2.9693001e-04
   3.0617000e+06   1.5565200e-04   2.9990805e-04
   3.0805000e+06   1.5720320e-04   3.0289688e-04
   3.0993000e+06   1.5876000e-04   3.0589650e-04
   3.1181000e+06   1.6031680e-04   3.0889612e-04
   3.1369000e+06   1.6187360e-04   3.1189574e-04
   3.1557000e+06   1.6344160e-04   3.1491694e-04
   3.1745000e+06   1.6500400e-04   3.1792735e-04
   3.1932000e+06   1.6657760e-04   3.2095934e-04
   3.2120000e+06   1.6814560e-04   3.2398054e-04
   3.2308000e+06   1.6972480e-04   3.2702332e-04
   3.2496000e+06   1.7129840e-04   3.3005531e-04
   3.2684000e+06   1.7288320e-04   3.3310888e-04
   3.2872000e+06   1.7446240e-04   3.3615166e-04
   3.3059000e+06   1.7605280e-04   3.3921602e-04
   3.3247000e+06   1.7763760e-04   3.4226959e-04
   3.3435000e+06   1.7922800e-04   3.4533395e-04
   3.3623000e+06   1.8081840e-04   3.4839831e-04
   3.3811000e+06   1.8241440e-04   3.5147346e-04
   3.3999000e+06   1.8401040e-04   3.5454861e-04
   3.4186000e+06   1.8561200e-04   3.5763455e-04
   3.4374000e+06   1.8721360e-04   3.6072049e-04
   3.4562000e+06   1.8881520e-04   3.6380643e-04
   3.4750000e+06   1.9042240e-04   3.6690316e-04
   3.4938000e+06   1.9202960e-04   3.6999989e-04
   3.5126000e+06   1.9363680e-04   3.7309662e-04
   3.5313000e+06   1.9524960e-04   3.7620414e-04
   3.5501000e+06   1.9686240e-04   3.7931166e-04
   3.5689000e+06   1.9847520e-04   3.8241918e-04
   3.5877000e+06   2.0009360e-04   3.8553749e-04
   3.6065000e+06   2.0170640e-04   3.8864501e-04
   3.6253000e+06   2.0332480e-04   3.9176332e-04
   3.6440000e+06   2.0494880e-04   3.9489242e-04
   3.6628000e+06   2.0656720e-04   3.9801073e-04
   3.6816000e+06   2.0819120e-04   4.0113983e-04
   3.7004000e+06   2.0981520e-04   4.0426893e-04
   3.7192000e+06   2.1143920e-04   4.0739803e-04
   3.7380000e+06   2.1306320e-04   4.1052713e-04
   3.7567000e+06   2.1469280e-04   4.1366702e-04
   3.7755000e+06   2.1632240e-04   4.1680691e-04
   3.7943000e+06   2.1795200e-04   4.1994680e-04
   3.8131000e+06   2.1958160e-04   4.2308669e-04
   3.8319000e+06   2.2121120e-04   4.2622658e-04
   3.8507000e+06   2.2284080e-04   4.2936647e-04
   3.8694000e+06   2.2447600e-04   4.3251715e-04
   3.8882000e+06   2.2610560e-04   4.3565704e-04
   3.9070000e+06   2.2774080e-04   4.3880772e-04
   3.9258000e+06   2.2937600e-04   4.4195840e-04
   3.9446000e+06   2.3100560e-04   4.4509829e-04
   3.9634000e+06   2.3264080e-04   4.4824897e-04
   3.9822000e+06   2.3427600e-04   4.5139965e-04
   4.0009000e+06   2.3591120e-04   4.5455033e-04
   4.0197000e+06   2.3754640e-04   4.5770101e-04
   4.0385000e+06   2.3918160e-04   4.6085169e-04
   4.0573000e+06   2.4082240e-04   4.6401316e-04
   4.0761000e+06   2.4245760e-04   4.6716384e-04
   4.0949000e+06   2.4409280e-04   4.7031452e-04
   4.1136000e+06   2.4572800e-04   4.7346520e-04
   4.1324000e+06   2.4736320e-04   4.7661588e-04
   4.1512000e+06   2.4899840e-04   4.7976656e-04
   4.1700000e+06   2.5063360e-04   4.8291724e-04
   4.1888000e+06   2.5226880e-04   4.8606792e-04
   4.2076000e+06   2.5390400e-04   4.8921860e-04
   4.2263000e+06   2.5553920e-04   4.9236928e-04
   4.2451000e+06   2.5716880e-04   4.9550917e-04
   4.2639000e+06   2.5880400e-04   4.9865985e-04
   4.2827000e+06   2.6043920e-04   5.0181053e-04
   4.3015000e+06   2.6206880e-04   5.0495042e-04
   4.3203000e+06   2.6369840e-04   5.0809031e-04
   4.3390000e+06   2.6533360e-04   5.1124099e-04
   4.3578000e+06   2.6696320e-04   5.1438088e-04
   4.3766000e+06   2.6859280e-04   5.1752077e-04
   4.3954000e+06   2.7021680e-04   5.2064987e-04
   4.4142000e+06   2.7184640e-04   5.2378976e-04
   4.4330000e+06   2.7347040e-04   5.2691886e-04
   4.4517000e+06   2.7510000e-04   5.3005875e-04
   4.4705000e+06   2.7672400e-04   5.3318785e-04
   4.4893000e+06   2.7834800e-04   5.3631695e-04
   4.5081000e+06   2.7996640e-04   5.3943526e-04
   4.5269000e+06   2.8159040e-04   5.4256436e-04
   4.5457000e+06   2.8320880e-04   5.4568267e-04
   4.5644000e+06   2.8482720e-04   5.4880098e-04
   4.5832000e+06   2.8644560e-04   5.5191929e-04
   4.6020000e+06   2.8805840e-04   5.5502681e-04
   4.6208000e+06   2.8967120e-04   5.5813433e-04
   4.6396000e+06   2.9128400e-04   5.6124185e-04
   4.6584000e+06   2.9289680e-04   5.6434937e-04
   4.6771000e+06   2.9450400e-04   5.6744610e-04
   4.6959000e+06   2.9611120e-04   5.7054283e-04
   4.7147000e+06   2.9771840e-04   5.7363956e-04
   4.7335000e+06   2.9932000e-04   5.7672550e-04
   4.7523000e+06   3.0092160e-04   5.7981144e-04
   4.7711000e+06   3.0252320e-04   5.8289738e-04
   4.7899000e+06   3.0411920e-04   5.8597253e-04
   4.8086000e+06   3.0571520e-04   5.8904768e-04
   4.8274000e+06   3.0731120e-04   5.9212283e-04
   4.8462000e+06   3.0890160e-04   5.9518719e-04
   4.8650000e+06   3.1049200e-04   5.9825155e-04
   4.8838000e+06   3.1208240e-04   6.0131591e-04
   4.9026000e+06   3.1366720e-04   6.0436948e-04
   4.9213000e+06   3.1525200e-04   6.0742305e-04
   4.9401000e+06   3.1683120e-04   6.1046583e-04
   4.9589000e+06   3.1841040e-04   6.1350861e-04
   4.9777000e+06   3.1998400e-04   6.1654060e-04
   4.9965000e+06   3.2155760e-04   6.1957259e-04
   5.0153000e+06   3.2313120e-04   6.2260458e-04
   5.0340000e+06   3.2469920e-04   6.2562578e-04
   5.0528000e+06   3.2626720e-04   6.2864698e-04
   5.0716000e+06   3.2782960e-04   6.3165739e-04
   5.0904000e+06   3.2938640e-04   6.3465701e-04
   5.1092000e+06   3.3094880e-04   6.3766742e-04
   5.1280000e+06   3.3250000e-04   6.4065625e-04
   5.1467000e+06   3.3405680e-04   6.4365587e-04
   5.1655000e+06   3.3560240e-04   6.4663391e-04
   5.1843000e+06   3.3714800e-04   6.4961195e-04
   5.2031000e+06   3.3869360e-04   6.5258999e-04
   5.2219000e+06   3.4023360e-04   6.5555724e-04
   5.2407000e+06   3.4177360e-04   6.5852449e-04
   5.2594000e+06   3.4330800e-04   6.6148095e-04
   5.2782000e+06   3.4483680e-04   6.6442662e-04
   5.2970000e+06   3.4636560e-04   6.6737229e-04
   5.3158000e+06   3.4788880e-04   6.7030717e-04
   5.3346000e+06   3.4941200e-04   6.7324205e-04
   5.3534000e+06   3.5092960e-04   6.7616614e-04
   5.3721000e+06   3.5244160e-04   6.7907944e-04
   5.3909000e+06   3.5395360e-04   6.8199274e-04
   5.4097000e+06   3.5546560e-04   6.8490604e-04
   5.4285000e+06   3.5696640e-04   6.8779776e-04
   5.4473000e+06   3.5846720e-04   6.9068948e-04
   5.4661000e+06   3.5996800e-04   6.9358120e-04
   5.4848000e+06   3.6145760e-04   6.9645134e-04
   5.5036000e+06   3.6294720e-04   6.9932148e-04
   5.5224000e+06   3.6443680e-04   7.0219162e-04
   5.5412000e+06   3.6592080e-04   7.0505097e-04
   5.5600000e+06   3.6739920e-04   7.0789953e-04
   5.5788000e+06   3.6887200e-04   7.1073730e-04
   5.5976000e+06   3.7034480e-04   7.1357507e-04
   5.6163000e+06   3.7181200e-04   7.1640205e-04
   5.6351000e+06   3.7327360e-04   7.1921824e-04
   5.6539000e+06   3.7473520e-04   7.2203443e-04
   5.6727000e+06   3.7618560e-04   7.2482904e-04
   5.6915000e+06   3.7764160e-04   7.2763444e-04
   5.7103000e+06   3.7908640e-04   7.3041826e-04
   5.7290000e+06   3.8053120e-04   7.3320208e-04
   5.7478000e+06   3.8197040e-04   7.3597511e-04
   5.7666000e+06   3.8340400e-04   7.3873735e-04
   5.7854000e+06   3.8483200e-04   7.4148880e-04
   5.8042000e+06   3.8626000e-04   7.4424025e-04
   5.8230000e+06   3.8768240e-04   7.4698091e-04
   5.8417000e+06   3.8909920e-04   7.4971078e-04
   5.8605000e+06   3.9051040e-04   7.5242986e-04
   5.8793000e+06   3.9191600e-04   7.5513815e-04
   5.8981000e+06   3.9332160e-04   7.5784644e-04
   5.9169000e+06   3.9472160e-04   7.6054394e-04
   5.9357000e+06   3.9611600e-04   7.6323065e-04
   5.9544000e+06   3.9750480e-04   7.6590657e-04
   5.9732000e+06   3.9889360e-04   7.6858249e-04
   5.9920000e+06   4.0027120e-04   7.7123683e-04
   6.0108000e+06   4.0164880e-04   7.7389117e-04
   6.0296000e+06   4.0302080e-04   7.7653472e-04
   6.0484000e+06   4.0438720e-04   7.7916748e-04
   6.0671000e+06   4.0574800e-04   7.8178945e-04
   6.0859000e+06   4.0710320e-04   7.8440063e-04
   6.1047000e+06   4.0845840e-04   7.8701181e-04
   6.1235000e+06   4.0980240e-04   7.8960141e-04
   6.1423000e+06   4.1114640e-04   7.9219101e-04
   6.1611000e+06   4.1248480e-04   7.9476982e-04
   6.1798000e+06   4.1381200e-04   7.9732705e-04
   6.1986000e+06   4.1513920e-04   7.9988428e-04
   6.2174000e+06   4.1646080e-04   8.0243072e-04
   6.2362000e+06   4.1777680e-04   8.0496637e-04
   6.2550000e+06   4.1909280e-04   8.0750202e-04
   6.2738000e+06   4.2039760e-04   8.1001609e-04
   6.2926000e+06   4.2169680e-04   8.1251937e-04
   6.3113000e+06   4.2299600e-04   8.1502265e-04
   6.3301000e+06   4.2428400e-04   8.1750435e-04
   6.3489000e+06   4.2556640e-04   8.1997526e-04
   6.3677000e+06   4.2684880e-04   8.2244617e-04
   6.3865000e+06   4.2812000e-04   8.2489550e-04
   6.4053000e+06   4.2939120e-04   8.2734483e-04
   6.4240000e+06   4.3065680e-04   8.2978337e-04
   6.4428000e+06   4.3191120e-04   8.3220033e-04
   6.4616000e+06   4.3316560e-04   8.3461729e-04
   6.4804000e+06   4.3441440e-04   8.3702346e-04
   6.4992000e+06   4.3565200e-04   8.3940805e-04
   6.5180000e+06   4.3688960e-04   8.4179264e-04
   6.5367000e+06   4.3811600e-04   8.4415565e-04
   6.5555000e+06   4.3934240e-04   8.4651866e-04
   6.5743000e+06   4.4055760e-04   8.4886009e-04
   6.5931000e+06   4.4177280e-04   8.5120152e-04
   6.6119000e+06   4.4297680e-04   8.5352137e-04
   6.6307000e+06   4.4418080e-04   8.5584122e-04
   6.6494000e+06   4.4537360e-04   8.5813949e-04
   6.6682000e+06   4.4656640e-04   8.6043776e-04
   6.6870000e+06   4.4774800e-04   8.6271445e-04
   6.7058000e+06   4.4892400e-04   8.6498035e-04
   6.7246000e+06   4.5009440e-04   8.6723546e-04
   6.7434000e+06   4.5125920e-04   8.6947978e-04
   6.7621000e+06   4.5241840e-04   8.7171331e-04
   6.7809000e+06   4.5357200e-04   8.7393605e-04
   6.7997000e+06   4.5472000e-04   8.7614800e-04
   6.8185000e+06   4.5586240e-04   8.7834916e-04
   6.8373000e+06   4.5699920e-04   8.8053953e-04
   6.8561000e+06   4.5812480e-04   8.8270832e-04
   6.8748000e+06   4.5925040e-04   8.8487711e-04
   6.8936000e+06   4.6036480e-04   8.8702432e-04
   6.9124000e+06   4.6147360e-04   8.8916074e-04
   6.9312000e+06   4.6257680e-04   8.9128637e-04
   6.9500000e+06   4.6367440e-04   8.9340121e-04
   6.9688000e+06   4.6476640e-04   8.9550526e-04
   6.9875000e+06   4.6585280e-04   8.9759852e-04
   7.0063000e+06   4.6692800e-04   8.9967020e-04
   7.0251000e+06   4.6800320e-04   9.0174188e-04
   7.0439000e+06   4.6906720e-04   9.0379198e-04
   7.0627000e+06   4.7012560e-04   9.0583129e-04
   7.0815000e+06   4.7117840e-04   9.0785981e-04
   7.1003000e+06   4.7222560e-04   9.0987754e-04
   7.1190000e+06   4.7326160e-04   9.1187369e-04
   7.1378000e+06   4.7429760e-04   9.1386984e-04
   7.1566000e+06   4.7532240e-04   9.1584441e-04
   7.1754000e+06   4.7634160e-04   9.1780819e-04
   7.1942000e+06   4.7735520e-04   9.1976118e-04
   7.2130000e+06   4.7835760e-04   9.2169259e-04
   7.2317000e+06   4.7936000e-04   9.2362400e-04
   7.2505000e+06   4.8035120e-04   9.2553383e-04
   7.2693000e+06   4.8133680e-04   9.2743287e-04
   7.2881000e+06   4.8231680e-04   9.2932112e-04
   7.3069000e+06   4.8329120e-04   9.3119858e-04
   7.3257000e+06   4.8425440e-04   9.3305446e-04
   7.3444000e+06   4.8521200e-04   9.3489955e-04
   7.3632000e+06   4.8616400e-04   9.3673385e-04
   7.3820000e+06   4.8711040e-04   9.3855736e-04
   7.4008000e+06   4.8804560e-04   9.4035929e-04
   7.4196000e+06   4.8898080e-04   9.4216122e-04
   7.4384000e+06   4.8990480e-04   9.4394157e-04
   7.4571000e+06   4.9082320e-04   9.4571113e-04
   7.4759000e+06   4.9173040e-04   9.4745911e-04
   7.4947000e+06   4.9263200e-04   9.4919630e-04
   7.5135000e+06   4.9352800e-04   9.5092270e-04
   7.5323000e+06   4.9441840e-04   9.5263831e-04
   7.5511000e+06   4.9530320e-04   9.5434313e-04
   7.5698000e+06   4.9617680e-04   9.5602637e-04
   7.5886000e+06   4.9704480e-04   9.5769882e-04
   7.6074000e+06   4.9790160e-04   9.5934969e-04
   7.6262000e+06   4.9875840e-04   9.6100056e-04
   7.6450000e+06   4.9960400e-04   9.6262985e-04
   7.6638000e+06   5.0044400e-04   9.6424835e-04
   7.6825000e+06   5.0127280e-04   9.6584527e-04
   7.7013000e+06   5.0209600e-04   9.6743140e-04
   7.7201000e+06   5.0291360e-04   9.6900674e-04
   7.7389000e+06   5.0372560e-04   9.7057129e-04
   7.7577000e+06   5.0452640e-04   9.7211426e-04
   7.7765000e+06   5.0532160e-04   9.7364644e-04
   7.7952000e+06   5.0611120e-04   9.7516783e-04
   7.8140000e+06   5.0688960e-04   9.7666764e-04
   7.8328000e+06   5.0766240e-04   9.7815666e-04
   7.8516000e+06   5.0842960e-04   9.7963489e-04
   7.8704000e+06   5.0918560e-04   9.8109154e-04
   7.8892000e+06   5.0993600e-04   9.8253740e-04
   7.9080000e+06   5.1068080e-04   9.8397247e-04
   7.9267000e+06   5.1142000e-04   9.8539675e-04
   7.9455000e+06   5.1214800e-04   9.8679945e-04
   7.9643000e+06   5.1286480e-04   9.8818057e-04
   7.9831000e+06   5.1358160e-04   9.8956169e-04
   8.0019000e+06   5.1428720e-04   9.9092123e-04
   8.0207000e+06   5.1498160e-04   9.9225919e-04
   8.0394000e+06   5.1567600e-04   9.9359715e-04
   8.0582000e+06   5.1635920e-04   9.9491353e-04
   8.0770000e+06   5.1703120e-04   9.9620833e-04
   8.0958000e+06   5.1770320e-04   9.9750313e-04
   8.1146000e+06   5.1836400e-04   9.9877635e-04
   8.1334000e+06   5.1901360e-04   1.0000280e-03
   8.1521000e+06   5.1965760e-04   1.0012688e-03
   8.1709000e+06   5.2029600e-04   1.0024989e-03
   8.1897000e+06   5.2092320e-04   1.0037074e-03
   8.2085000e+06   5.2154480e-04   1.0049051e-03
   8.2273000e+06   5.2216080e-04   1.0060920e-03
   8.2461000e+06   5.2276560e-04   1.0072573e-03
   8.2648000e+06   5.2336480e-04   1.0084118e-03
   8.2836000e+06   5.2395840e-04   1.0095556e-03
   8.3024000e+06   5.2454080e-04   1.0106777e-03
   8.3212000e+06   5.2511200e-04   1.0117783e-03
   8.3400000e+06   5.2568320e-04   1.0128789e-03
   8.3588000e+06   5.2624320e-04   1.0139579e-03
   8.3775000e+06   5.2679200e-04   1.0150153e-03
   8.3963000e+06   5.2733520e-04   1.0160619e-03
   8.4151000e+06   5.2787280e-04   1.0170978e-03
   8.4339000e+06   5.2839920e-04   1.0181120e-03
   8.4527000e+06   5.2892000e-04   1.0191155e-03
   8.4715000e+06   5.2942960e-04   1.0200974e-03
   8.4902000e+06   5.2993920e-04   1.0210793e-03
   8.5090000e+06   5.3043200e-04   1.0220288e-03
   8.5278000e+06   5.3091920e-04   1.0229675e-03
   8.5466000e+06   5.3140080e-04   1.0238955e-03
   8.5654000e+06   5.3187680e-04   1.0248126e-03
   8.5842000e+06   5.3233600e-04   1.0256974e-03
   8.6029000e+06   5.3279520e-04   1.0265822e-03
   8.6217000e+06   5.3324320e-04   1.0274454e-03
   8.6405000e+06   5.3368560e-04   1.0282978e-03
   8.6593000e+06   5.3411680e-04   1.0291286e-03
   8.6781000e+06   5.3454240e-04   1.0299487e-03
   8.6969000e+06   5.3495680e-04   1.0307471e-03
   8.7157000e+06   5.3536560e-04   1.0315348e-03
   8.7344000e+06   5.3576320e-04   1.0323009e-03
   8.7532000e+06   5.3615520e-04   1.0330562e-03
   8.7720000e+06   5.3654160e-04   1.0338007e-03
   8.7908000e+06   5.3691680e-04   1.0345236e-03
   8.8096000e+06   5.3728640e-04   1.0352358e-03
   8.8284000e+06   5.3764480e-04   1.0359263e-03
   8.8471000e+06   5.3799760e-04   1.0366061e-03
   8.8659000e+06   5.3833920e-04   1.0372643e-03
   8.8847000e+06   5.3867520e-04   1.0379117e-03
   8.9035000e+06   5.3900560e-04   1.0385483e-03
   8.9223000e+06   5.3932480e-04   1.0391633e-03
   8.9411000e+06   5.3963280e-04   1.0397568e-03
   8.9598000e+06   5.3994080e-04   1.0403502e-03
   8.9786000e+06   5.4023200e-04   1.0409113e-03
   8.9974000e+06   5.4051760e-04   1.0414616e-03
   9.0162000e+06   5.4079760e-04   1.0420011e-03
   9.0350000e+06   5.4106640e-04   1.0425190e-03
   9.0538000e+06   5.4132960e-04   1.0430261e-03
   9.0725000e+06   5.4158160e-04   1.0435117e-03
   9.0913000e+06   5.4182800e-04   1.0439864e-03
   9.1101000e+06   5.4206880e-04   1.0444504e-03
   9.1289000e+06   5.4229840e-04   1.0448928e-03
   9.1477000e+06   5.4251680e-04   1.0453136e-03
   9.1665000e+06   5.4272960e-04   1.0457236e-03
   9.1852000e+06   5.4293680e-04   1.0461229e-03
   9.2040000e+06   5.4313280e-04   1.0465005e-03
   9.2228000e+06   5.4331760e-04   1.0468566e-03
   9.2416000e+06   5.4350240e-04   1.0472127e-03
   9.2604000e+06   5.4367040e-04   1.0475364e-03
   9.2792000e+06   5.4383280e-04   1.0478493e-03
   9.2979000e+06   5.4398960e-04   1.0481514e-03
   9.3167000e+06   5.4413520e-04   1.0484319e-03
   9.3355000e+06   5.4427520e-04   1.0487017e-03
   9.3543000e+06   5.4440400e-04   1.0489498e-03
   9.3731000e+06   5.4452720e-04   1.0491872e-03
   9.3919000e+06   5.4464480e-04   1.0494138e-03
   9.4106000e+06   5.4474560e-04   1.0496080e-03
   9.4294000e+06   5.4484640e-04   1.0498023e-03
   9.4482000e+06   5.4493600e-04   1.0499749e-03
   9.4670000e+06   5.4501440e-04   1.0501260e-03
   9.4858000e+06   5.4508720e-04   1.0502662e-03
   9.5046000e+06   5.4515440e-04   1.0503957e-03
   9.5234000e+06   5.4521040e-04   1.0505036e-03
   9.5421000e+06   5.4525520e-04   1.0505899e-03
   9.5609000e+06   5.4529440e-04   1.0506655e-03
   9.5797000e+06   5.4532800e-04   1.0507302e-03
   9.5985000e+06   5.4535040e-04   1.0507734e-03
   9.6173000e+06   5.4536160e-04   1.0507949e-03
   9.6361000e+06   5.4536720e-04   1.0508057e-03
   9.6548000e+06   5.4536720e-04   1.0508057e-03
   9.6736000e+06   5.4535600e-04   1.0507841e-03
   9.6924000e+06   5.4533920e-04   1.0507518e-03
   9.7112000e+06   5.4531120e-04   1.0506978e-03
   9.7300000e+06   5.4527760e-04   1.0506331e-03
   9.7488000e+06   5.4523280e-04   1.0505468e-03
   9.7675000e+06   5.4518240e-04   1.0504497e-03
   9.7863000e+06   5.4512080e-04   1.0503310e-03
   9.8051000e+06   5.4505360e-04   1.0502015e-03
   9.8239000e+06   5.4497520e-04   1.0500504e-03
   9.8427000e+06   5.4489120e-04   1.0498886e-03
   9.8615000e+06   5.4479600e-04   1.0497051e-03
   9.8802000e+06   5.4469520e-04   1.0495109e-03
   9.8990000e+06   5.4458880e-04   1.0493059e-03
   9.9178000e+06   5.4447120e-04   1.0490793e-03
   9.9366000e+06   5.4434240e-04   1.0488312e-03
   9.9554000e+06   5.4420800e-04   1.0485722e-03
   9.9742000e+06   5.4406240e-04   1.0482917e-03
   9.9929000e+06   5.4391680e-04   1.0480111e-03
   1.0012000e+07   5.4375440e-04   1.0476982e-03
   1.0031000e+07   5.4358640e-04   1.0473745e-03
   1.0049000e+07   5.4341280e-04   1.0470400e-03
   1.0068000e+07   5.4322800e-04   1.0466839e-03
   1.0087000e+07   5.4303760e-04   1.0463171e-03
   1.0106000e+07   5.4283600e-04   1.0459286e-03
   1.0124000e+07   5.4262320e-04   1.0455186e-03
   1.0143000e+07   5.4241040e-04   1.0451086e-03
   1.0162000e+07   5.4218080e-04   1.0446662e-03
   1.0181000e+07   5.4195120e-04   1.0442238e-03
   1.0200000e+07   5.4171040e-04   1.0437599e-03
   1.0218000e+07   5.4145840e-04   1.0432743e-03
   1.0237000e+07   5.4120080e-04   1.0427780e-03
   1.0256000e+07   5.4093200e-04   1.0422600e-03
   1.0275000e+07   5.4065760e-04   1.0417313e-03
   1.0293000e+07   5.4037760e-04   1.0411918e-03
   1.0312000e+07   5.4008640e-04   1.0406308e-03
   1.0331000e+07   5.3978960e-04   1.0400589e-03
   1.0350000e+07   5.3948160e-04   1.0394654e-03
   1.0369000e+07   5.3916240e-04   1.0388504e-03
   1.0387000e+07   5.3884320e-04   1.0382354e-03
   1.0406000e+07   5.3850720e-04   1.0375880e-03
   1.0425000e+07   5.3817120e-04   1.0369406e-03
   1.0444000e+07   5.3782400e-04   1.0362716e-03
   1.0463000e+07   5.3746560e-04   1.0355810e-03
   1.0481000e+07   5.3710160e-04   1.0348797e-03
   1.0500000e+07   5.3673200e-04   1.0341675e-03
   1.0519000e+07   5.3635120e-04   1.0334338e-03
   1.0538000e+07   5.3595920e-04   1.0326785e-03
   1.0556000e+07   5.3556720e-04   1.0319232e-03
   1.0575000e+07   5.3515840e-04   1.0311356e-03
   1.0594000e+07   5.3474960e-04   1.0303479e-03
   1.0613000e+07   5.3432960e-04   1.0295386e-03
   1.0632000e+07   5.3389840e-04   1.0287078e-03
   1.0650000e+07   5.3346160e-04   1.0278662e-03
   1.0669000e+07   5.3301920e-04   1.0270138e-03
   1.0688000e+07   5.3256560e-04   1.0261398e-03
   1.0707000e+07   5.3210640e-04   1.0252550e-03
   1.0726000e+07   5.3163600e-04   1.0243487e-03
   1.0744000e+07   5.3116000e-04   1.0234315e-03
   1.0763000e+07   5.3067280e-04   1.0224928e-03
   1.0782000e+07   5.3018000e-04   1.0215432e-03
   1.0801000e+07   5.2968160e-04   1.0205829e-03
   1.0819000e+07   5.2917200e-04   1.0196010e-03
   1.0838000e+07   5.2865680e-04   1.0186084e-03
   1.0857000e+07   5.2813040e-04   1.0175941e-03
   1.0876000e+07   5.2759840e-04   1.0165691e-03
   1.0895000e+07   5.2706080e-04   1.0155332e-03
   1.0913000e+07   5.2651200e-04   1.0144758e-03
   1.0932000e+07   5.2595760e-04   1.0134076e-03
   1.0951000e+07   5.2539200e-04   1.0123178e-03
   1.0970000e+07   5.2482080e-04   1.0112172e-03
   1.0988000e+07   5.2424400e-04   1.0101058e-03
   1.1007000e+07   5.2365600e-04   1.0089729e-03
   1.1026000e+07   5.2305680e-04   1.0078184e-03
   1.1045000e+07   5.2245760e-04   1.0066638e-03
   1.1064000e+07   5.2184720e-04   1.0054877e-03
   1.1082000e+07   5.2122560e-04   1.0042900e-03
   1.1101000e+07   5.2060400e-04   1.0030923e-03
   1.1120000e+07   5.1996560e-04   1.0018623e-03
   1.1139000e+07   5.1932720e-04   1.0006322e-03
   1.1158000e+07   5.1867760e-04   9.9938059e-04
   1.1176000e+07   5.1802240e-04   9.9811816e-04
   1.1195000e+07   5.1735600e-04   9.9683415e-04
   1.1214000e+07   5.1668400e-04   9.9553935e-04
   1.1233000e+07   5.1600640e-04   9.9423376e-04
   1.1251000e+07   5.1531760e-04   9.9290659e-04
   1.1270000e+07   5.1462320e-04   9.9156863e-04
   1.1289000e+07   5.1391760e-04   9.9020909e-04
   1.1308000e+07   5.1321200e-04   9.8884955e-04
   1.1327000e+07   5.1248960e-04   9.8745764e-04
   1.1345000e+07   5.1176720e-04   9.8606573e-04
   1.1364000e+07   5.1103360e-04   9.8465224e-04
   1.1383000e+07   5.1029440e-04   9.8322796e-04
   1.1402000e+07   5.0954400e-04   9.8178210e-04
   1.1421000e+07   5.0879360e-04   9.8033624e-04
   1.1439000e+07   5.0802640e-04   9.7885801e-04
   1.1458000e+07   5.0725920e-04   9.7737978e-04
   1.1477000e+07   5.0648080e-04   9.7587997e-04
   1.1496000e+07   5.0569680e-04   9.7436937e-04
   1.1514000e+07   5.0490160e-04   9.7283719e-04
   1.1533000e+07   5.0410640e-04   9.7130501e-04
   1.1552000e+07   5.0330000e-04   9.6975125e-04
   1.1571000e+07   5.0248240e-04   9.6817591e-04
   1.1590000e+07   5.0165920e-04   9.6658978e-04
   1.1608000e+07   5.0083600e-04   9.6500365e-04
   1.1627000e+07   4.9999600e-04   9.6338515e-04
   1.1646000e+07   4.9915600e-04   9.6176665e-04
   1.1665000e+07   4.9830480e-04   9.6012657e-04
   1.1683000e+07   4.9744800e-04   9.5847570e-04
   1.1702000e+07   4.9658000e-04   9.5680325e-04
   1.1721000e+07   4.9570640e-04   9.5512001e-04
   1.1740000e+07   4.9482720e-04   9.5342598e-04
   1.1759000e+07   4.9394240e-04   9.5172116e-04
   1.1777000e+07   4.9304640e-04   9.4999476e-04
   1.1796000e+07   4.9215040e-04   9.4826836e-04
   1.1815000e+07   4.9124320e-04   9.4652038e-04
   1.1834000e+07   4.9032480e-04   9.4475082e-04
   1.1853000e+07   4.8940640e-04   9.4298126e-04
   1.1871000e+07   4.8847680e-04   9.4119012e-04
   1.1890000e+07   4.8754160e-04   9.3938819e-04
   1.1909000e+07   4.8660080e-04   9.3757547e-04
   1.1928000e+07   4.8564880e-04   9.3574117e-04
   1.1946000e+07   4.8469120e-04   9.3389608e-04
   1.1965000e+07   4.8372800e-04   9.3204020e-04
   1.1984000e+07   4.8275920e-04   9.3017353e-04
   1.2003000e+07   4.8178480e-04   9.2829607e-04
   1.2022000e+07   4.8079920e-04   9.2639703e-04
   1.2040000e+07   4.7980800e-04   9.2448720e-04
   1.2059000e+07   4.7881120e-04   9.2256658e-04
   1.2078000e+07   4.7780880e-04   9.2063517e-04
   1.2097000e+07   4.7679520e-04   9.1868218e-04
   1.2116000e+07   4.7577600e-04   9.1671840e-04
   1.2134000e+07   4.7475680e-04   9.1475462e-04
   1.2153000e+07   4.7372080e-04   9.1275847e-04
   1.2172000e+07   4.7268480e-04   9.1076232e-04
   1.2191000e+07   4.7164320e-04   9.0875538e-04
   1.2209000e+07   4.7059040e-04   9.0672686e-04
   1.2228000e+07   4.6953760e-04   9.0469834e-04
   1.2247000e+07   4.6847360e-04   9.0264824e-04
   1.2266000e+07   4.6739840e-04   9.0057656e-04
   1.2285000e+07   4.6632320e-04   8.9850488e-04
   1.2303000e+07   4.6524240e-04   8.9642241e-04
   1.2322000e+07   4.6415040e-04   8.9431836e-04
   1.2341000e+07   4.6305840e-04   8.9221431e-04
   1.2360000e+07   4.6195520e-04   8.9008868e-04
   1.2378000e+07   4.6084640e-04   8.8795226e-04
   1.2397000e+07   4.5973200e-04   8.8580505e-04
   1.2416000e+07   4.5861200e-04   8.8364705e-04
   1.2435000e+07   4.5748640e-04   8.8147826e-04
   1.2454000e+07   4.5634960e-04   8.7928789e-04
   1.2472000e+07   4.5521280e-04   8.7709752e-04
   1.2491000e+07   4.5406480e-04   8.7488557e-04
   1.2510000e+07   4.5291120e-04   8.7266283e-04
   1.2529000e+07   4.5175760e-04   8.7044009e-04
   1.2548000e+07   4.5059280e-04   8.6819577e-04
   1.2566000e+07   4.4942240e-04   8.6594066e-04
   1.2585000e+07   4.4824640e-04   8.6367476e-04
   1.2604000e+07   4.4706480e-04   8.6139807e-04
   1.2623000e+07   4.4587760e-04   8.5911059e-04
   1.2641000e+07   4.4467920e-04   8.5680153e-04
   1.2660000e+07   4.4348080e-04   8.5449247e-04
   1.2679000e+07   4.4227680e-04   8.5217262e-04
   1.2698000e+07   4.4106160e-04   8.4983119e-04
   1.2717000e+07   4.3984640e-04   8.4748976e-04
   1.2735000e+07   4.3862560e-04   8.4513754e-04
   1.2754000e+07   4.3739360e-04   8.4276374e-04
   1.2773000e+07   4.3616160e-04   8.4038994e-04
   1.2792000e+07   4.3491840e-04   8.3799456e-04
   1.2811000e+07   4.3367520e-04   8.3559918e-04
   1.2829000e+07   4.3242080e-04   8.3318222e-04
   1.2848000e+07   4.3116640e-04   8.3076526e-04
   1.2867000e+07   4.2990080e-04   8.2832672e-04
   1.2886000e+07   4.2863520e-04   8.2588818e-04
   1.2904000e+07   4.2735840e-04   8.2342806e-04
   1.2923000e+07   4.2608160e-04   8.2096794e-04
   1.2942000e+07   4.2479360e-04   8.1848624e-04
   1.2961000e+07   4.2350560e-04   8.1600454e-04
   1.2980000e+07   4.2221200e-04   8.1351205e-04
   1.2998000e+07   4.2091280e-04   8.1100877e-04
   1.3017000e+07   4.1960240e-04   8.0848391e-04
   1.3036000e+07   4.1829200e-04   8.0595905e-04
   1.3055000e+07   4.1697600e-04   8.0342340e-04
   1.3073000e+07   4.1565440e-04   8.0087696e-04
   1.3092000e+07   4.1432720e-04   7.9831973e-04
   1.3111000e+07   4.1299440e-04   7.9575171e-04
   1.3130000e+07   4.1166160e-04   7.9318369e-04
   1.3149000e+07   4.1031760e-04   7.9059409e-04
   1.3167000e+07   4.0896800e-04   7.8799370e-04
   1.3186000e+07   4.0761840e-04   7.8539331e-04
   1.3205000e+07   4.0626320e-04   7.8278213e-04
   1.3224000e+07   4.0489680e-04   7.8014937e-04
   1.3243000e+07   4.0353040e-04   7.7751661e-04
   1.3261000e+07   4.0215840e-04   7.7487306e-04
   1.3280000e+07   4.0078640e-04   7.7222951e-04
   1.3299000e+07   3.9940320e-04   7.6956438e-04
   1.3318000e+07   3.9802000e-04   7.6689925e-04
   1.3336000e+07   3.9662560e-04   7.6421254e-04
   1.3355000e+07   3.9523120e-04   7.6152583e-04
   1.3374000e+07   3.9383120e-04   7.5882833e-04
   1.3393000e+07   3.9242560e-04   7.5612004e-04
   1.3412000e+07   3.9102000e-04   7.5341175e-04
   1.3430000e+07   3.8960320e-04   7.5068188e-04
   1.3449000e+07   3.8818640e-04   7.4795201e-04
   1.3468000e+07   3.8676400e-04   7.4521135e-04
   1.3487000e+07   3.8533600e-04   7.4245990e-04
   1.3506000e+07   3.8390800e-04   7.3970845e-04
   1.3524000e+07   3.8246880e-04   7.3693542e-04
   1.3543000e+07   3.8102960e-04   7.3416239e-04
   1.3562000e+07   3.7958480e-04   7.3137857e-04
   1.3581000e+07   3.7814000e-04   7.2859475e-04
   1.3599000e+07   3.7668400e-04   7.2578935e-04
   1.3618000e+07   3.7522800e-04   7.2298395e-04
   1.3637000e+07   3.7377200e-04   7.2017855e-04
   1.3656000e+07   3.7230480e-04   7.1735157e-04
   1.3675000e+07   3.7083760e-04   7.1452459e-04
   1.3693000e+07   3.6936480e-04   7.1168682e-04
   1.3712000e+07   3.6788640e-04   7.0883826e-04
   1.3731000e+07   3.6640800e-04   7.0598970e-04
   1.3750000e+07   3.6492400e-04   7.0313035e-04
   1.3768000e+07   3.6343440e-04   7.0026021e-04
   1.3787000e+07   3.6194480e-04   6.9739007e-04
   1.3806000e+07   3.6044960e-04   6.9450914e-04
   1.3825000e+07   3.5894880e-04   6.9161742e-04
   1.3844000e+07   3.5744800e-04   6.8872570e-04
   1.3862000e+07   3.5594160e-04   6.8582319e-04
   1.3881000e+07   3.5442960e-04   6.8290989e-04
   1.3900000e+07   3.5291760e-04   6.7999659e-04
   1.3919000e+07   3.5140000e-04   6.7707250e-04
   1.3938000e+07   3.4987680e-04   6.7413762e-04
   1.3956000e+07   3.4835360e-04   6.7120274e-04
   1.3975000e+07   3.4683040e-04   6.6826786e-04
   1.3994000e+07   3.4529600e-04   6.6531140e-04
   1.4013000e+07   3.4376160e-04   6.6235494e-04
   1.4031000e+07   3.4222720e-04   6.5939848e-04
   1.4050000e+07   3.4068720e-04   6.5643123e-04
   1.4069000e+07   3.3914720e-04   6.5346398e-04
   1.4088000e+07   3.3759600e-04   6.5047515e-04
   1.4107000e+07   3.3605040e-04   6.4749711e-04
   1.4125000e+07   3.3449920e-04   6.4450828e-04
   1.4144000e+07   3.3294240e-04   6.4150866e-04
   1.4163000e+07   3.3138560e-04   6.3850904e-04
   1.4182000e+07   3.2982320e-04   6.3549863e-04
   1.4201000e+07   3.2826080e-04   6.3248822e-04
   1.4219000e+07   3.2669280e-04   6.2946702e-04
   1.4238000e+07   3.2512480e-04   6.2644582e-04
   1.4257000e+07   3.2355120e-04   6.2341383e-04
   1.4276000e+07   3.2197760e-04   6.2038184e-04
   1.4294000e+07   3.2040400e-04   6.1734985e-04
   1.4313000e+07   3.1881920e-04   6.1429628e-04
   1.4332000e+07   3.1724000e-04   6.1125350e-04
   1.4351000e+07   3.1565520e-04   6.0819993e-04
   1.4370000e+07   3.1407040e-04   6.0514636e-04
   1.4388000e+07   3.1248000e-04   6.0208200e-04
   1.4407000e+07   3.1088960e-04   5.9901764e-04
   1.4426000e+07   3.0929360e-04   5.9594249e-04
   1.4445000e+07   3.0769760e-04   5.9286734e-04
   1.4463000e+07   3.0610160e-04   5.8979219e-04
   1.4482000e+07   3.0450000e-04   5.8670625e-04
   1.4501000e+07   3.0289840e-04   5.8362031e-04
   1.4520000e+07   3.0129680e-04   5.8053437e-04
   1.4539000e+07   2.9968960e-04   5.7743764e-04
   1.4557000e+07   2.9808240e-04   5.7434091e-04
   1.4576000e+07   2.9646960e-04   5.7123339e-04
   1.4595000e+07   2.9485680e-04   5.6812587e-04
   1.4614000e+07   2.9324400e-04   5.6501835e-04
   1.4633000e+07   2.9163120e-04   5.6191083e-04
   1.4651000e+07   2.9001280e-04   5.5879252e-04
   1.4670000e+07   2.8839440e-04   5.5567421e-04
   1.4689000e+07   2.8677600e-04   5.5255590e-04
   1.4708000e+07   2.8515200e-04   5.4942680e-04
   1.4726000e+07   2.8353360e-04   5.4630849e-04
   1.4745000e+07   2.8190960e-04   5.4317939e-04
   1.4764000e+07   2.8028000e-04   5.4003950e-04
   1.4783000e+07   2.7865600e-04   5.3691040e-04
   1.4802000e+07   2.7702640e-04   5.3377051e-04
   1.4820000e+07   2.7539680e-04   5.3063062e-04
   1.4839000e+07   2.7376720e-04   5.2749073e-04
   1.4858000e+07   2.7213760e-04   5.2435084e-04
   1.4877000e+07   2.7050240e-04   5.2120016e-04
   1.4895000e+07   2.6886720e-04   5.1804948e-04
   1.4914000e+07   2.6723200e-04   5.1489880e-04
   1.4933000e+07   2.6559680e-04   5.1174812e-04
   1.4952000e+07   2.6396160e-04   5.0859744e-04
   1.4971000e+07   2.6232640e-04   5.0544676e-04
   1.4989000e+07   2.6068560e-04   5.0228529e-04
   1.5008000e+07   2.5905040e-04   4.9913461e-04
   1.5027000e+07   2.5740960e-04   4.9597314e-04
   1.5046000e+07   2.5576880e-04   4.9281167e-04
   1.5065000e+07   2.5413360e-04   4.8966099e-04
   1.5083000e+07   2.5249280e-04   4.8649952e-04
   1.5102000e+07   2.5084640e-04   4.8332726e-04
   1.5121000e+07   2.4920560e-04   4.8016579e-04
   1.5140000e+07   2.4756480e-04   4.7700432e-04
   1.5158000e+07   2.4592400e-04   4.7384285e-04
   1.5177000e+07   2.4428320e-04   4.7068138e-04
   1.5196000e+07   2.4264240e-04   4.6751991e-04
   1.5215000e+07   2.4099600e-04   4.6434765e-04
   1.5234000e+07   2.3935520e-04   4.6118618e-04
   1.5252000e+07   2.3771440e-04   4.5802471e-04
   1.5271000e+07   2.3606800e-04   4.5485245e-04
   1.5290000e+07   2.3442720e-04   4.5169098e-04
   1.5309000e+07   2.3278640e-04   4.4852951e-04
   1.5328000e+07   2.3114560e-04   4.4536804e-04
   1.5346000e+07   2.2950480e-04   4.4220657e-04
   1.5365000e+07   2.2786400e-04   4.3904510e-04
   1.5384000e+07   2.2622320e-04   4.3588363e-04
   1.5403000e+07   2.2458240e-04   4.3272216e-04
   1.5421000e+07   2.2294160e-04   4.2956069e-04
   1.5440000e+07   2.2130640e-04   4.2641001e-04
   1.5459000e+07   2.1966560e-04   4.2324854e-04
   1.5478000e+07   2.1803040e-04   4.2009786e-04
   1.5497000e+07   2.1639520e-04   4.1694718e-04
   1.5515000e+07   2.1475440e-04   4.1378571e-04
   1.5534000e+07   2.1312480e-04   4.1064582e-04
   1.5553000e+07   2.1148960e-04   4.0749514e-04
   1.5572000e+07   2.0985440e-04   4.0434446e-04
   1.5590000e+07   2.0822480e-04   4.0120457e-04
   1.5609000e+07   2.0659520e-04   3.9806468e-04
   1.5628000e+07   2.0496560e-04   3.9492479e-04
   1.5647000e+07   2.0333600e-04   3.9178490e-04
   1.5666000e+07   2.0170640e-04   3.8864501e-04
   1.5684000e+07   2.0008240e-04   3.8551591e-04
   1.5703000e+07   1.9845840e-04   3.8238681e-04
   1.5722000e+07   1.9683440e-04   3.7925771e-04
   1.5741000e+07   1.9521600e-04   3.7613940e-04
   1.5760000e+07   1.9359760e-04   3.7302109e-04
   1.5778000e+07   1.9197920e-04   3.6990278e-04
   1.5797000e+07   1.9036080e-04   3.6678447e-04
   1.5816000e+07   1.8874800e-04   3.6367695e-04
   1.5835000e+07   1.8713520e-04   3.6056943e-04
   1.5853000e+07   1.8552240e-04   3.5746191e-04
   1.5872000e+07   1.8391520e-04   3.5436518e-04
   1.5891000e+07   1.8230800e-04   3.5126845e-04
   1.5910000e+07   1.8070640e-04   3.4818251e-04
   1.5929000e+07   1.7910480e-04   3.4509657e-04
   1.5947000e+07   1.7750320e-04   3.4201063e-04
   1.5966000e+07   1.7590720e-04   3.3893548e-04
   1.5985000e+07   1.7431120e-04   3.3586033e-04
   1.6004000e+07   1.7272080e-04   3.3279597e-04
   1.6023000e+07   1.7113040e-04   3.2973161e-04
   1.6041000e+07   1.6954000e-04   3.2666725e-04
   1.6060000e+07   1.6795520e-04   3.2361368e-04
   1.6079000e+07   1.6637600e-04   3.2057090e-04
   1.6098000e+07   1.6479680e-04   3.1752812e-04
   1.6116000e+07   1.6321760e-04   3.1448534e-04
   1.6135000e+07   1.6164400e-04   3.1145335e-04
   1.6154000e+07   1.6007040e-04   3.0842136e-04
   1.6173000e+07   1.5850240e-04   3.0540016e-04
   1.6192000e+07   1.5694000e-04   3.0238975e-04
   1.6210000e+07   1.5537760e-04   2.9937934e-04
   1.6229000e+07   1.5382080e-04   2.9637972e-04
   1.6248000e+07   1.5226400e-04   2.9338010e-04
   1.6267000e+07   1.5071280e-04   2.9039127e-04
   1.6285000e+07   1.4916160e-04   2.8740244e-04
   1.6304000e+07   1.4761600e-04   2.8442440e-04
   1.6323000e+07   1.4607600e-04   2.8145715e-04
   1.6342000e+07   1.4453600e-04   2.7848990e-04
   1.6361000e+07   1.4300720e-04   2.7554423e-04
   1.6379000e+07   1.4147280e-04   2.7258777e-04
   1.6398000e+07   1.3994960e-04   2.6965289e-04
   1.6417000e+07   1.3842640e-04   2.6671801e-04
   1.6436000e+07   1.3690320e-04   2.6378313e-04
   1.6455000e+07   1.3539120e-04   2.6086983e-04
   1.6473000e+07   1.3387920e-04   2.5795653e-04
   1.6492000e+07   1.3237280e-04   2.5505402e-04
   1.6511000e+07   1.3087200e-04   2.5216230e-04
   1.6530000e+07   1.2937120e-04   2.4927058e-04
   1.6548000e+07   1.2787600e-04   2.4638965e-04
   1.6567000e+07   1.2638640e-04   2.4351951e-04
   1.6586000e+07   1.2490240e-04   2.4066016e-04
   1.6605000e+07   1.2342400e-04   2.3781160e-04
   1.6624000e+07   1.2194560e-04   2.3496304e-04
   1.6642000e+07   1.2047840e-04   2.3213606e-04
   1.6661000e+07   1.1901120e-04   2.2930908e-04
   1.6680000e+07   1.1754960e-04   2.2649289e-04
   1.6699000e+07   1.1609360e-04   2.2368749e-04
   1.6718000e+07   1.1463760e-04   2.2088209e-04
   1.6736000e+07   1.1319280e-04   2.1809827e-04
   1.6755000e+07   1.1175360e-04   2.1532524e-04
   1.6774000e+07   1.1031440e-04   2.1255221e-04
   1.6793000e+07   1.0888640e-04   2.0980076e-04
   1.6811000e+07   1.0745840e-04   2.0704931e-04
   1.6830000e+07   1.0604160e-04   2.0431944e-04
   1.6849000e+07   1.0462480e-04   2.0158957e-04
   1.6868000e+07   1.0321360e-04   1.9887049e-04
   1.6887000e+07   1.0181360e-04   1.9617299e-04
   1.6905000e+07   1.0041360e-04   1.9347549e-04
   1.6924000e+07   9.9019200e-05   1.9078878e-04
   1.6943000e+07   9.7636000e-05   1.8812365e-04
   1.6962000e+07   9.6252800e-05   1.8545852e-04
   1.6980000e+07   9.4880800e-05   1.8281497e-04
   1.6999000e+07   9.3508800e-05   1.8017142e-04
   1.7018000e+07   9.2148000e-05   1.7754945e-04
   1.7037000e+07   9.0792800e-05   1.7493827e-04
   1.7056000e+07   8.9443200e-05   1.7233788e-04
   1.7074000e+07   8.8099200e-05   1.6974828e-04
   1.7093000e+07   8.6760800e-05   1.6716947e-04
   1.7112000e+07   8.5433600e-05   1.6461224e-04
   1.7131000e+07   8.4106400e-05   1.6205501e-04
   1.7150000e+07   8.2790400e-05   1.5951936e-04
   1.7168000e+07   8.1480000e-05   1.5699450e-04
   1.7187000e+07   8.0175200e-05   1.5448043e-04
   1.7206000e+07   7.8876000e-05   1.5197715e-04
   1.7225000e+07   7.7588000e-05   1.4949545e-04
   1.7243000e+07   7.6305600e-05   1.4702454e-04
   1.7262000e+07   7.5028800e-05   1.4456442e-04
   1.7281000e+07   7.3763200e-05   1.4212588e-04
   1.7300000e+07   7.2497600e-05   1.3968734e-04
   1.7319000e+07   7.1243200e-05   1.3727038e-04
   1.7337000e+07   7.0000000e-05   1.3487500e-04
   1.7356000e+07   6.8756800e-05   1.3247962e-04
   1.7375000e+07   6.7524800e-05   1.3010582e-04
   1.7394000e+07   6.6304000e-05   1.2775360e-04
   1.7413000e+07   6.5083200e-05   1.2540138e-04
   1.7431000e+07   6.3879200e-05   1.2308153e-04
   1.7450000e+07   6.2675200e-05   1.2076168e-04
   1.7469000e+07   6.1482400e-05   1.1846341e-04
   1.7488000e+07   6.0300800e-05   1.1618672e-04
   1.7506000e+07   5.9119200e-05   1.1391003e-04
   1.7525000e+07   5.7954400e-05   1.1166571e-04
   1.7544000e+07   5.6789600e-05   1.0942139e-04
   1.7563000e+07   5.5639360e-05   1.0720512e-04
   1.7582000e+07   5.4495840e-05   1.0500181e-04
   1.7600000e+07   5.3360160e-05   1.0281359e-04
   1.7619000e+07   5.2233440e-05   1.0064265e-04
   1.7638000e+07   5.1115120e-05   9.8487883e-05
   1.7657000e+07   5.0005760e-05   9.6350384e-05
   1.7675000e+07   4.8904800e-05   9.4229070e-05
   1.7694000e+07   4.7812800e-05   9.2125020e-05
   1.7713000e+07   4.6729760e-05   9.0038234e-05
   1.7732000e+07   4.5655680e-05   8.7968712e-05
   1.7751000e+07   4.4590560e-05   8.5916454e-05
   1.7769000e+07   4.3534960e-05   8.3882539e-05
   1.7788000e+07   4.2488320e-05   8.1865888e-05
   1.7807000e+07   4.1451200e-05   7.9867580e-05
   1.7826000e+07   4.0423040e-05   7.7886536e-05
   1.7845000e+07   3.9404960e-05   7.5924914e-05
   1.7863000e+07   3.8395840e-05   7.3980556e-05
   1.7882000e+07   3.7396800e-05   7.2055620e-05
   1.7901000e+07   3.6406720e-05   7.0147948e-05
   1.7920000e+07   3.5427280e-05   6.8260777e-05
   1.7938000e+07   3.4456800e-05   6.6390870e-05
   1.7957000e+07   3.3496960e-05   6.4541464e-05
   1.7976000e+07   3.2546640e-05   6.2710401e-05
   1.7995000e+07   3.1606400e-05   6.0898760e-05
   1.8014000e+07   3.0676800e-05   5.9107620e-05
   1.8032000e+07   2.9756720e-05   5.7334823e-05
   1.8051000e+07   2.8847280e-05   5.5582527e-05
   1.8070000e+07   2.7947920e-05   5.3849653e-05
   1.8089000e+07   2.7059200e-05   5.2137280e-05
   1.8108000e+07   2.6181120e-05   5.0445408e-05
   1.8126000e+07   2.5313120e-05   4.8772958e-05
   1.8145000e+07   2.4455760e-05   4.7121009e-05
   1.8164000e+07   2.3609600e-05   4.5490640e-05
   1.8183000e+07   2.2773520e-05   4.3879693e-05
   1.8201000e+07   2.1948080e-05   4.2289247e-05
   1.8220000e+07   2.1133840e-05   4.0720381e-05
   1.8239000e+07   2.0330240e-05   3.9172016e-05
   1.8258000e+07   1.9537840e-05   3.7645231e-05
   1.8277000e+07   1.8756080e-05   3.6138947e-05
   1.8295000e+07   1.7985520e-05   3.4654243e-05
   1.8314000e+07   1.7225600e-05   3.3190040e-05
   1.8333000e+07   1.6476880e-05   3.1747417e-05
   1.8352000e+07   1.5739360e-05   3.0326374e-05
   1.8370000e+07   1.5012480e-05   2.8925832e-05
   1.8389000e+07   1.4296800e-05   2.7546870e-05
   1.8408000e+07   1.3591760e-05   2.6188409e-05
   1.8427000e+07   1.2897920e-05   2.4851528e-05
   1.8446000e+07   1.2214720e-05   2.3535148e-05
   1.8464000e+07   1.1541600e-05   2.2238190e-05
   1.8483000e+07   1.0879680e-05   2.0962812e-05
   1.8502000e+07   1.0227840e-05   1.9706856e-05
   1.8521000e+07   9.5866400e-06   1.8471401e-05
   1.8540000e+07   8.9544000e-06   1.7253210e-05
   1.8558000e+07   8.3316800e-06   1.6053362e-05
   1.8577000e+07   7.7173600e-06   1.4869699e-05
   1.8596000e+07   7.1114400e-06   1.3702221e-05
   1.8615000e+07   6.5122400e-06   1.2547691e-05
   1.8633000e+07   5.9180800e-06   1.1402872e-05
   1.8652000e+07   5.3275600e-06   1.0265066e-05
   1.8671000e+07   4.7375440e-06   9.1282321e-06
   1.8690000e+07   4.1437200e-06   7.9840605e-06
   1.8709000e+07   3.5389760e-06   6.8188484e-06
   1.8727000e+07   2.9110480e-06   5.6089657e-06
   1.8746000e+07   2.2344560e-06   4.3053179e-06
   1.8765000e+07   1.4413840e-06   2.7772381e-06
   1.8784000e+07   5.6000000e-09   1.0790000e-08
