Solar, nuclear, B8, in eV^-1 cm^-2 s^-1 

    Energy[eV]        Flux

   2.0000000e+04   4.4376000e-05
   4.0000000e+04   1.7544000e-04
   6.0000000e+04   3.8803200e-04
   8.0000000e+04   6.7802400e-04
   1.0000000e+05   1.0418040e-03
   1.2000000e+05   1.4752440e-03
   1.4000000e+05   1.9737000e-03
   1.6000000e+05   2.5345920e-03
   1.8000000e+05   3.1537920e-03
   2.0000000e+05   3.8271720e-03
   2.2000000e+05   4.5506040e-03
   2.4000000e+05   5.3209920e-03
   2.6000000e+05   6.1326600e-03
   2.8000000e+05   6.9804480e-03
   3.0000000e+05   7.8535200e-03
   3.2000000e+05   8.7302040e-03
   3.4000000e+05   9.6223680e-03
   3.6000000e+05   1.0696680e-02
   3.8000000e+05   1.1816916e-02
   4.0000000e+05   1.2980496e-02
   4.2000000e+05   1.4181228e-02
   4.4000000e+05   1.5426852e-02
   4.6000000e+05   1.6737492e-02
   4.8000000e+05   1.8089928e-02
   5.0000000e+05   1.9481580e-02
   5.2000000e+05   2.0903676e-02
   5.4000000e+05   2.2374792e-02
   5.6000000e+05   2.3912988e-02
   5.8000000e+05   2.5491948e-02
   6.0000000e+05   2.7109092e-02
   6.2000000e+05   2.8759776e-02
   6.4000000e+05   3.0456384e-02
   6.6000000e+05   3.2200980e-02
   6.8000000e+05   3.3982728e-02
   7.0000000e+05   3.5800596e-02
   7.2000000e+05   3.7651488e-02
   7.4000000e+05   3.9542628e-02
   7.6000000e+05   4.1472468e-02
   7.8000000e+05   4.3435848e-02
   8.0000000e+05   4.5430704e-02
   8.2000000e+05   4.7452392e-02
   8.4000000e+05   4.9518456e-02
   8.6000000e+05   5.1619092e-02
   8.8000000e+05   5.3749140e-02
   9.0000000e+05   5.5907568e-02
   9.2000000e+05   5.8085088e-02
   9.4000000e+05   6.0316272e-02
   9.6000000e+05   6.2577900e-02
   9.8000000e+05   6.4866876e-02
   1.0000000e+06   6.7181136e-02
   1.0200000e+06   6.9513456e-02
   1.0400000e+06   7.1896860e-02
   1.0600000e+06   7.4306064e-02
   1.0800000e+06   7.6740552e-02
   1.1000000e+06   7.9197744e-02
   1.1200000e+06   8.1674544e-02
   1.1400000e+06   8.4194688e-02
   1.1600000e+06   8.6738052e-02
   1.1800000e+06   8.9305152e-02
   1.2000000e+06   9.1892892e-02
   1.2200000e+06   9.4500240e-02
   1.2400000e+06   9.7142676e-02
   1.2600000e+06   9.9806268e-02
   1.2800000e+06   1.0249050e-01
   1.3000000e+06   1.0519382e-01
   1.3200000e+06   1.0791624e-01
   1.3400000e+06   1.1066600e-01
   1.3600000e+06   1.1343486e-01
   1.3800000e+06   1.1622074e-01
   1.4000000e+06   1.1902211e-01
   1.4200000e+06   1.2184205e-01
   1.4400000e+06   1.2469088e-01
   1.4600000e+06   1.2755675e-01
   1.4800000e+06   1.3043809e-01
   1.5000000e+06   1.3333182e-01
   1.5200000e+06   1.3624464e-01
   1.5400000e+06   1.3918120e-01
   1.5600000e+06   1.4213220e-01
   1.5800000e+06   1.4509662e-01
   1.6000000e+06   1.4807291e-01
   1.6200000e+06   1.5106571e-01
   1.6400000e+06   1.5407708e-01
   1.6600000e+06   1.5710136e-01
   1.6800000e+06   1.6013647e-01
   1.7000000e+06   1.6318139e-01
   1.7200000e+06   1.6624178e-01
   1.7400000e+06   1.6931663e-01
   1.7600000e+06   1.7240076e-01
   1.7800000e+06   1.7549418e-01
   1.8000000e+06   1.7859173e-01
   1.8200000e+06   1.8171043e-01
   1.8400000e+06   1.8484152e-01
   1.8600000e+06   1.8798086e-01
   1.8800000e+06   1.9112692e-01
   1.9000000e+06   1.9427555e-01
   1.9200000e+06   1.9744482e-01
   1.9400000e+06   2.0062183e-01
   1.9600000e+06   2.0380504e-01
   1.9800000e+06   2.0699340e-01
   2.0000000e+06   2.1018228e-01
   2.0200000e+06   2.1339232e-01
   2.0400000e+06   2.1660751e-01
   2.0600000e+06   2.1982684e-01
   2.0800000e+06   2.2304977e-01
   2.1000000e+06   2.2627271e-01
   2.1200000e+06   2.2951319e-01
   2.1400000e+06   2.3275676e-01
   2.1600000e+06   2.3600344e-01
   2.1800000e+06   2.3925062e-01
   2.2000000e+06   2.4249884e-01
   2.2200000e+06   2.4576100e-01
   2.2400000e+06   2.4902470e-01
   2.2600000e+06   2.5228994e-01
   2.2800000e+06   2.5555416e-01
   2.3000000e+06   2.5881889e-01
   2.3200000e+06   2.6209446e-01
   2.3400000e+06   2.6537003e-01
   2.3600000e+06   2.6864508e-01
   2.3800000e+06   2.7191755e-01
   2.4000000e+06   2.7519054e-01
   2.4200000e+06   2.7847333e-01
   2.4400000e+06   2.8175458e-01
   2.4600000e+06   2.8503376e-01
   2.4800000e+06   2.8830829e-01
   2.5000000e+06   2.9158386e-01
   2.5200000e+06   2.9486510e-01
   2.5400000e+06   2.9814377e-01
   2.5600000e+06   3.0141779e-01
   2.5800000e+06   3.0468562e-01
   2.6000000e+06   3.0795602e-01
   2.6200000e+06   3.1122953e-01
   2.6400000e+06   3.1449787e-01
   2.6600000e+06   3.1776106e-01
   2.6800000e+06   3.2101598e-01
   2.7000000e+06   3.2427452e-01
   2.7200000e+06   3.2753255e-01
   2.7400000e+06   3.3078438e-01
   2.7600000e+06   3.3403002e-01
   2.7800000e+06   3.3726431e-01
   2.8000000e+06   3.4050479e-01
   2.8200000e+06   3.4374166e-01
   2.8400000e+06   3.4697130e-01
   2.8600000e+06   3.5019217e-01
   2.8800000e+06   3.5340014e-01
   2.9000000e+06   3.5661740e-01
   2.9200000e+06   3.5982692e-01
   2.9400000e+06   3.6302819e-01
   2.9600000e+06   3.6622016e-01
   2.9800000e+06   3.6939976e-01
   3.0000000e+06   3.7258348e-01
   3.0200000e+06   3.7575842e-01
   3.0400000e+06   3.7892357e-01
   3.0600000e+06   3.8207788e-01
   3.0800000e+06   3.8522083e-01
   3.1000000e+06   3.8836534e-01
   3.1200000e+06   3.9149952e-01
   3.1400000e+06   3.9462338e-01
   3.1600000e+06   3.9773486e-01
   3.1800000e+06   4.0083448e-01
   3.2000000e+06   4.0393460e-01
   3.2200000e+06   4.0702390e-01
   3.2400000e+06   4.1010132e-01
   3.2600000e+06   4.1316481e-01
   3.2800000e+06   4.1621798e-01
   3.3000000e+06   4.1926754e-01
   3.3200000e+06   4.2230472e-01
   3.3400000e+06   4.2532900e-01
   3.3600000e+06   4.2833779e-01
   3.3800000e+06   4.3133730e-01
   3.4000000e+06   4.3433268e-01
   3.4200000e+06   4.3731464e-01
   3.4400000e+06   4.4028319e-01
   3.4600000e+06   4.4323523e-01
   3.4800000e+06   4.4617849e-01
   3.5000000e+06   4.4911350e-01
   3.5200000e+06   4.5203458e-01
   3.5400000e+06   4.5494069e-01
   3.5600000e+06   4.5782874e-01
   3.5800000e+06   4.6071008e-01
   3.6000000e+06   4.6358111e-01
   3.6200000e+06   4.6643665e-01
   3.6400000e+06   4.6927620e-01
   3.6600000e+06   4.7209562e-01
   3.6800000e+06   4.7491144e-01
   3.7000000e+06   4.7771486e-01
   3.7200000e+06   4.8050126e-01
   3.7400000e+06   4.8327115e-01
   3.7600000e+06   4.8601834e-01
   3.7800000e+06   4.8876604e-01
   3.8000000e+06   4.9149722e-01
   3.8200000e+06   4.9421138e-01
   3.8400000e+06   4.9690748e-01
   3.8600000e+06   4.9958243e-01
   3.8800000e+06   5.0225428e-01
   3.9000000e+06   5.0490910e-01
   3.9200000e+06   5.0754637e-01
   3.9400000e+06   5.1016404e-01
   3.9600000e+06   5.1276107e-01
   3.9800000e+06   5.1535397e-01
   4.0000000e+06   5.1792881e-01
   4.0200000e+06   5.2048456e-01
   4.0400000e+06   5.2302070e-01
   4.0600000e+06   5.2553671e-01
   4.0800000e+06   5.2804757e-01
   4.1000000e+06   5.3053933e-01
   4.1200000e+06   5.3301149e-01
   4.1400000e+06   5.3546352e-01
   4.1600000e+06   5.3789646e-01
   4.1800000e+06   5.4032166e-01
   4.2000000e+06   5.4272725e-01
   4.2200000e+06   5.4511272e-01
   4.2400000e+06   5.4747600e-01
   4.2600000e+06   5.4982328e-01
   4.2800000e+06   5.5215973e-01
   4.3000000e+06   5.5447606e-01
   4.3200000e+06   5.5677122e-01
   4.3400000e+06   5.5904369e-01
   4.3600000e+06   5.6130119e-01
   4.3800000e+06   5.6354527e-01
   4.4000000e+06   5.6576872e-01
   4.4200000e+06   5.6796997e-01
   4.4400000e+06   5.7014646e-01
   4.4600000e+06   5.7231263e-01
   4.4800000e+06   5.7446228e-01
   4.5000000e+06   5.7659130e-01
   4.5200000e+06   5.7869761e-01
   4.5400000e+06   5.8077709e-01
   4.5600000e+06   5.8284986e-01
   4.5800000e+06   5.8490354e-01
   4.6000000e+06   5.8693504e-01
   4.6200000e+06   5.8894382e-01
   4.6400000e+06   5.9092526e-01
   4.6600000e+06   5.9290154e-01
   4.6800000e+06   5.9485615e-01
   4.7000000e+06   5.9678806e-01
   4.7200000e+06   5.9869622e-01
   4.7400000e+06   6.0057859e-01
   4.7600000e+06   6.0245425e-01
   4.7800000e+06   6.0430772e-01
   4.8000000e+06   6.0613798e-01
   4.8200000e+06   6.0794346e-01
   4.8400000e+06   6.0972521e-01
   4.8600000e+06   6.1149767e-01
   4.8800000e+06   6.1324794e-01
   4.9000000e+06   6.1497448e-01
   4.9200000e+06   6.1667624e-01
   4.9400000e+06   6.1835479e-01
   4.9600000e+06   6.2002302e-01
   4.9800000e+06   6.2166854e-01
   5.0000000e+06   6.2328982e-01
   5.0200000e+06   6.2488580e-01
   5.0400000e+06   6.2646115e-01
   5.0600000e+06   6.2802360e-01
   5.0800000e+06   6.2956231e-01
   5.1000000e+06   6.3107729e-01
   5.1200000e+06   6.3256543e-01
   5.1400000e+06   6.3403500e-01
   5.1600000e+06   6.3549012e-01
   5.1800000e+06   6.3692150e-01
   5.2000000e+06   6.3832812e-01
   5.2200000e+06   6.3970739e-01
   5.2400000e+06   6.4107066e-01
   5.2600000e+06   6.4241742e-01
   5.2800000e+06   6.4373941e-01
   5.3000000e+06   6.4503715e-01
   5.3200000e+06   6.4630548e-01
   5.3400000e+06   6.4756194e-01
   5.3600000e+06   6.4879828e-01
   5.3800000e+06   6.5000984e-01
   5.4000000e+06   6.5119664e-01
   5.4200000e+06   6.5235300e-01
   5.4400000e+06   6.5350110e-01
   5.4600000e+06   6.5462650e-01
   5.4800000e+06   6.5572661e-01
   5.5000000e+06   6.5680144e-01
   5.5200000e+06   6.5784634e-01
   5.5400000e+06   6.5888401e-01
   5.5600000e+06   6.5989640e-01
   5.5800000e+06   6.6088454e-01
   5.6000000e+06   6.6184688e-01
   5.6200000e+06   6.6278136e-01
   5.6400000e+06   6.6370603e-01
   5.6600000e+06   6.6460645e-01
   5.6800000e+06   6.6548159e-01
   5.7000000e+06   6.6632989e-01
   5.7200000e+06   6.6715291e-01
   5.7400000e+06   6.6796561e-01
   5.7600000e+06   6.6875251e-01
   5.7800000e+06   6.6951464e-01
   5.8000000e+06   6.7024943e-01
   5.8200000e+06   6.7096099e-01
   5.8400000e+06   6.7166017e-01
   5.8600000e+06   6.7233510e-01
   5.8800000e+06   6.7298371e-01
   5.9000000e+06   6.7360498e-01
   5.9200000e+06   6.7420612e-01
   5.9400000e+06   6.7479178e-01
   5.9600000e+06   6.7535370e-01
   5.9800000e+06   6.7588879e-01
   6.0000000e+06   6.7639602e-01
   6.0200000e+06   6.7688622e-01
   6.0400000e+06   6.7735991e-01
   6.0600000e+06   6.7780831e-01
   6.0800000e+06   6.7823143e-01
   6.1000000e+06   6.7862514e-01
   6.1200000e+06   6.7900543e-01
   6.1400000e+06   6.7936560e-01
   6.1600000e+06   6.7970100e-01
   6.1800000e+06   6.8000957e-01
   6.2000000e+06   6.8028821e-01
   6.2200000e+06   6.8055859e-01
   6.2400000e+06   6.8080627e-01
   6.2600000e+06   6.8102815e-01
   6.2800000e+06   6.8122475e-01
   6.3000000e+06   6.8139090e-01
   6.3200000e+06   6.8155086e-01
   6.3400000e+06   6.8168502e-01
   6.3600000e+06   6.8179544e-01
   6.3800000e+06   6.8187852e-01
   6.4000000e+06   6.8193425e-01
   6.4200000e+06   6.8198224e-01
   6.4400000e+06   6.8200546e-01
   6.4600000e+06   6.8200339e-01
   6.4800000e+06   6.8197553e-01
   6.5000000e+06   6.8192135e-01
   6.5200000e+06   6.8185788e-01
   6.5400000e+06   6.8176964e-01
   6.5600000e+06   6.8165664e-01
   6.5800000e+06   6.8151680e-01
   6.6000000e+06   6.8135426e-01
   6.6200000e+06   6.8118089e-01
   6.6400000e+06   6.8098274e-01
   6.6600000e+06   6.8075983e-01
   6.6800000e+06   6.8050957e-01
   6.7000000e+06   6.8024022e-01
   6.7200000e+06   6.7995694e-01
   6.7400000e+06   6.7965043e-01
   6.7600000e+06   6.7931864e-01
   6.7800000e+06   6.7895899e-01
   6.8000000e+06   6.7858386e-01
   6.8200000e+06   6.7819273e-01
   6.8400000e+06   6.7777787e-01
   6.8600000e+06   6.7733772e-01
   6.8800000e+06   6.7686919e-01
   6.9000000e+06   6.7638983e-01
   6.9200000e+06   6.7589189e-01
   6.9400000e+06   6.7537021e-01
   6.9600000e+06   6.7482377e-01
   6.9800000e+06   6.7424636e-01
   7.0000000e+06   6.7366483e-01
   7.0200000e+06   6.7306163e-01
   7.0400000e+06   6.7243366e-01
   7.0600000e+06   6.7178092e-01
   7.0800000e+06   6.7109928e-01
   7.1000000e+06   6.7041506e-01
   7.1200000e+06   6.6970711e-01
   7.1400000e+06   6.6897646e-01
   7.1600000e+06   6.6822052e-01
   7.1800000e+06   6.6743774e-01
   7.2000000e+06   6.6665084e-01
   7.2200000e+06   6.6584072e-01
   7.2400000e+06   6.6500738e-01
   7.2600000e+06   6.6414876e-01
   7.2800000e+06   6.6326743e-01
   7.3000000e+06   6.6237888e-01
   7.3200000e+06   6.6146814e-01
   7.3400000e+06   6.6053418e-01
   7.3600000e+06   6.5957494e-01
   7.3800000e+06   6.5859608e-01
   7.4000000e+06   6.5760794e-01
   7.4200000e+06   6.5659762e-01
   7.4400000e+06   6.5556458e-01
   7.4600000e+06   6.5450575e-01
   7.4800000e+06   6.5343144e-01
   7.5000000e+06   6.5234526e-01
   7.5200000e+06   6.5123741e-01
   7.5400000e+06   6.5010685e-01
   7.5600000e+06   6.4894998e-01
   7.5800000e+06   6.4778279e-01
   7.6000000e+06   6.4660115e-01
   7.6200000e+06   6.4539835e-01
   7.6400000e+06   6.4417285e-01
   7.6600000e+06   6.4292000e-01
   7.6800000e+06   6.4166200e-01
   7.7000000e+06   6.4038696e-01
   7.7200000e+06   6.3909077e-01
   7.7400000e+06   6.3777136e-01
   7.7600000e+06   6.3642408e-01
   7.7800000e+06   6.3507887e-01
   7.8000000e+06   6.3371250e-01
   7.8200000e+06   6.3232601e-01
   7.8400000e+06   6.3091681e-01
   7.8600000e+06   6.2948182e-01
   7.8800000e+06   6.2804734e-01
   7.9000000e+06   6.2659222e-01
   7.9200000e+06   6.2511697e-01
   7.9400000e+06   6.2361954e-01
   7.9600000e+06   6.2209940e-01
   7.9800000e+06   6.2057772e-01
   8.0000000e+06   6.1903694e-01
   8.0200000e+06   6.1747553e-01
   8.0400000e+06   6.1589141e-01
   8.0600000e+06   6.1428923e-01
   8.0800000e+06   6.1268344e-01
   8.1000000e+06   6.1105855e-01
   8.1200000e+06   6.0941354e-01
   8.1400000e+06   6.0774583e-01
   8.1600000e+06   6.0606419e-01
   8.1800000e+06   6.0437635e-01
   8.2000000e+06   6.0266942e-01
   8.2200000e+06   6.0094340e-01
   8.2400000e+06   5.9919365e-01
   8.2600000e+06   5.9743512e-01
   8.2800000e+06   5.9566834e-01
   8.3000000e+06   5.9388298e-01
   8.3200000e+06   5.9207801e-01
   8.3400000e+06   5.9024930e-01
   8.3600000e+06   5.8841802e-01
   8.3800000e+06   5.8657487e-01
   8.4000000e+06   5.8471366e-01
   8.4200000e+06   5.8283335e-01
   8.4400000e+06   5.8092828e-01
   8.4600000e+06   5.7902734e-01
   8.4800000e+06   5.7711091e-01
   8.5000000e+06   5.7517694e-01
   8.5200000e+06   5.7322440e-01
   8.5400000e+06   5.7124760e-01
   8.5600000e+06   5.6927752e-01
   8.5800000e+06   5.6729040e-01
   8.6000000e+06   5.6528677e-01
   8.6200000e+06   5.6326405e-01
   8.6400000e+06   5.6122172e-01
   8.6600000e+06   5.5918404e-01
   8.6800000e+06   5.5712984e-01
   8.7000000e+06   5.5505914e-01
   8.7200000e+06   5.5296934e-01
   8.7400000e+06   5.5086406e-01
   8.7600000e+06   5.4876136e-01
   8.7800000e+06   5.4664369e-01
   8.8000000e+06   5.4450900e-01
   8.8200000e+06   5.4235676e-01
   8.8400000e+06   5.4019214e-01
   8.8600000e+06   5.3802804e-01
   8.8800000e+06   5.3584846e-01
   8.9000000e+06   5.3365339e-01
   8.9200000e+06   5.3143872e-01
   8.9400000e+06   5.2921889e-01
   8.9600000e+06   5.2699544e-01
   8.9800000e+06   5.2475807e-01
   9.0000000e+06   5.2250470e-01
   9.0200000e+06   5.2023223e-01
   9.0400000e+06   5.1795977e-01
   9.0600000e+06   5.1568214e-01
   9.0800000e+06   5.1339059e-01
   9.1000000e+06   5.1108407e-01
   9.1200000e+06   5.0875588e-01
   9.1400000e+06   5.0643646e-01
   9.1600000e+06   5.0410723e-01
   9.1800000e+06   5.0176459e-01
   9.2000000e+06   4.9940699e-01
   9.2200000e+06   4.9702926e-01
   9.2400000e+06   4.9466392e-01
   9.2600000e+06   4.9228619e-01
   9.2800000e+06   4.8989556e-01
   9.3000000e+06   4.8749048e-01
   9.3200000e+06   4.8506890e-01
   9.3400000e+06   4.8265814e-01
   9.3600000e+06   4.8023552e-01
   9.3800000e+06   4.7780104e-01
   9.4000000e+06   4.7535158e-01
   9.4200000e+06   4.7289026e-01
   9.4400000e+06   4.7043823e-01
   9.4600000e+06   4.6797485e-01
   9.4800000e+06   4.6549960e-01
   9.5000000e+06   4.6301041e-01
   9.5200000e+06   4.6051349e-01
   9.5400000e+06   4.5802327e-01
   9.5600000e+06   4.5552325e-01
   9.5800000e+06   4.5301136e-01
   9.6000000e+06   4.5048451e-01
   9.6200000e+06   4.4795663e-01
   9.6400000e+06   4.4543236e-01
   9.6600000e+06   4.4289828e-01
   9.6800000e+06   4.4035337e-01
   9.7000000e+06   4.3779298e-01
   9.7200000e+06   4.3523774e-01
   9.7400000e+06   4.3268303e-01
   9.7600000e+06   4.3011851e-01
   9.7800000e+06   4.2754367e-01
   9.8000000e+06   4.2495232e-01
   9.8200000e+06   4.2237490e-01
   9.8400000e+06   4.1979335e-01
   9.8600000e+06   4.1720251e-01
   9.8800000e+06   4.1460239e-01
   9.9000000e+06   4.1198472e-01
   9.9200000e+06   4.0938769e-01
   9.9400000e+06   4.0678292e-01
   9.9600000e+06   4.0416990e-01
   9.9800000e+06   4.0154707e-01
   1.0000000e+07   3.9891186e-01
   1.0020000e+07   3.9629522e-01
   1.0040000e+07   3.9367136e-01
   1.0060000e+07   3.9104028e-01
   1.0080000e+07   3.8839939e-01
   1.0100000e+07   3.8575076e-01
   1.0120000e+07   3.8311813e-01
   1.0140000e+07   3.8047931e-01
   1.0160000e+07   3.7783378e-01
   1.0180000e+07   3.7517792e-01
   1.0200000e+07   3.7252001e-01
   1.0220000e+07   3.6987602e-01
   1.0240000e+07   3.6722585e-01
   1.0260000e+07   3.6456948e-01
   1.0280000e+07   3.6190228e-01
   1.0300000e+07   3.5924023e-01
   1.0320000e+07   3.5658799e-01
   1.0340000e+07   3.5393111e-01
   1.0360000e+07   3.5126803e-01
   1.0380000e+07   3.4859309e-01
   1.0400000e+07   3.4593104e-01
   1.0420000e+07   3.4327519e-01
   1.0440000e+07   3.4061521e-01
   1.0460000e+07   3.3794904e-01
   1.0480000e+07   3.3526945e-01
   1.0500000e+07   3.3261360e-01
   1.0520000e+07   3.2995826e-01
   1.0540000e+07   3.2729880e-01
   1.0560000e+07   3.2463366e-01
   1.0580000e+07   3.2195614e-01
   1.0600000e+07   3.1930751e-01
   1.0620000e+07   3.1665630e-01
   1.0640000e+07   3.1400200e-01
   1.0660000e+07   3.1134202e-01
   1.0680000e+07   3.0867430e-01
   1.0700000e+07   3.0603392e-01
   1.0720000e+07   3.0339149e-01
   1.0740000e+07   3.0074596e-01
   1.0760000e+07   2.9809526e-01
   1.0780000e+07   2.9544302e-01
   1.0800000e+07   2.9281400e-01
   1.0820000e+07   2.9018447e-01
   1.0840000e+07   2.8755184e-01
   1.0860000e+07   2.8491404e-01
   1.0880000e+07   2.8228090e-01
   1.0900000e+07   2.7966787e-01
   1.0920000e+07   2.7705485e-01
   1.0940000e+07   2.7443924e-01
   1.0960000e+07   2.7181745e-01
   1.0980000e+07   2.6920855e-01
   1.1000000e+07   2.6661617e-01
   1.1020000e+07   2.6402275e-01
   1.1040000e+07   2.6142882e-01
   1.1060000e+07   2.5882560e-01
   1.1080000e+07   2.5624612e-01
   1.1100000e+07   2.5367798e-01
   1.1120000e+07   2.5110985e-01
   1.1140000e+07   2.4854069e-01
   1.1160000e+07   2.4595966e-01
   1.1180000e+07   2.4341629e-01
   1.1200000e+07   2.4087602e-01
   1.1220000e+07   2.3833679e-01
   1.1240000e+07   2.3579652e-01
   1.1260000e+07   2.3324800e-01
   1.1280000e+07   2.3073766e-01
   1.1300000e+07   2.2822990e-01
   1.1320000e+07   2.2572317e-01
   1.1340000e+07   2.2321541e-01
   1.1360000e+07   2.2070558e-01
   1.1380000e+07   2.1823085e-01
   1.1400000e+07   2.1575869e-01
   1.1420000e+07   2.1328860e-01
   1.1440000e+07   2.1081644e-01
   1.1460000e+07   2.0834945e-01
   1.1480000e+07   2.0591393e-01
   1.1500000e+07   2.0348254e-01
   1.1520000e+07   2.0105269e-01
   1.1540000e+07   1.9862027e-01
   1.1560000e+07   1.9620126e-01
   1.1580000e+07   1.9380960e-01
   1.1600000e+07   1.9142155e-01
   1.1620000e+07   1.8903608e-01
   1.1640000e+07   1.8664649e-01
   1.1660000e+07   1.8428063e-01
   1.1680000e+07   1.8193644e-01
   1.1700000e+07   1.7959638e-01
   1.1720000e+07   1.7725838e-01
   1.1740000e+07   1.7491368e-01
   1.1760000e+07   1.7260664e-01
   1.1780000e+07   1.7031354e-01
   1.1800000e+07   1.6802508e-01
   1.1820000e+07   1.6573868e-01
   1.1840000e+07   1.6344352e-01
   1.1860000e+07   1.6119892e-01
   1.1880000e+07   1.5896051e-01
   1.1900000e+07   1.5672674e-01
   1.1920000e+07   1.5449504e-01
   1.1940000e+07   1.5226076e-01
   1.1960000e+07   1.5007447e-01
   1.1980000e+07   1.4789437e-01
   1.2000000e+07   1.4571995e-01
   1.2020000e+07   1.4354656e-01
   1.2040000e+07   1.4137781e-01
   1.2060000e+07   1.3925344e-01
   1.2080000e+07   1.3713577e-01
   1.2100000e+07   1.3502327e-01
   1.2120000e+07   1.3291128e-01
   1.2140000e+07   1.3081271e-01
   1.2160000e+07   1.2875387e-01
   1.2180000e+07   1.2670174e-01
   1.2200000e+07   1.2465528e-01
   1.2220000e+07   1.2260624e-01
   1.2240000e+07   1.2058301e-01
   1.2260000e+07   1.1859280e-01
   1.2280000e+07   1.1660981e-01
   1.2300000e+07   1.1463198e-01
   1.2320000e+07   1.1264899e-01
   1.2340000e+07   1.1070625e-01
   1.2360000e+07   1.0878828e-01
   1.2380000e+07   1.0687753e-01
   1.2400000e+07   1.0497091e-01
   1.2420000e+07   1.0305294e-01
   1.2440000e+07   1.0119792e-01
   1.2460000e+07   9.9354768e-02
   1.2480000e+07   9.7518840e-02
   1.2500000e+07   9.5686524e-02
   1.2520000e+07   9.3846468e-02
   1.2540000e+07   9.2073492e-02
   1.2560000e+07   9.0308772e-02
   1.2580000e+07   8.8551276e-02
   1.2600000e+07   8.6795844e-02
   1.2620000e+07   8.5041960e-02
   1.2640000e+07   8.3349480e-02
   1.2660000e+07   8.1665772e-02
   1.2680000e+07   7.9988772e-02
   1.2700000e+07   7.8311772e-02
   1.2720000e+07   7.6647672e-02
   1.2740000e+07   7.5039300e-02
   1.2760000e+07   7.3439184e-02
   1.2780000e+07   7.1844744e-02
   1.2800000e+07   7.0247724e-02
   1.2820000e+07   6.8677536e-02
   1.2840000e+07   6.7155336e-02
   1.2860000e+07   6.5640876e-02
   1.2880000e+07   6.4131576e-02
   1.2900000e+07   6.2614020e-02
   1.2920000e+07   6.1143420e-02
   1.2940000e+07   5.9709456e-02
   1.2960000e+07   5.8283232e-02
   1.2980000e+07   5.6860620e-02
   1.3000000e+07   5.5421496e-02
   1.3020000e+07   5.4057192e-02
   1.3040000e+07   5.2713528e-02
   1.3060000e+07   5.1376572e-02
   1.3080000e+07   5.0040648e-02
   1.3100000e+07   4.8686664e-02
   1.3120000e+07   4.7427108e-02
   1.3140000e+07   4.6175292e-02
   1.3160000e+07   4.4929668e-02
   1.3180000e+07   4.3683012e-02
   1.3200000e+07   4.2429648e-02
   1.3220000e+07   4.1264520e-02
   1.3240000e+07   4.0106616e-02
   1.3260000e+07   3.8952840e-02
   1.3280000e+07   3.7794936e-02
   1.3300000e+07   3.6644772e-02
   1.3320000e+07   3.5575104e-02
   1.3340000e+07   3.4511628e-02
   1.3360000e+07   3.3450732e-02
   1.3380000e+07   3.2380548e-02
   1.3400000e+07   3.1338228e-02
   1.3420000e+07   3.0364536e-02
   1.3440000e+07   2.9395488e-02
   1.3460000e+07   2.8426956e-02
   1.3480000e+07   2.7441396e-02
   1.3500000e+07   2.6511564e-02
   1.3520000e+07   2.5633848e-02
   1.3540000e+07   2.4760260e-02
   1.3560000e+07   2.3884092e-02
   1.3580000e+07   2.2979028e-02
   1.3600000e+07   2.2168392e-02
   1.3620000e+07   2.1386652e-02
   1.3640000e+07   2.0606976e-02
   1.3660000e+07   1.9822140e-02
   1.3680000e+07   1.8999120e-02
   1.3700000e+07   1.8307164e-02
   1.3720000e+07   1.7619336e-02
   1.3740000e+07   1.6932024e-02
   1.3760000e+07   1.6236456e-02
   1.3780000e+07   1.5519732e-02
   1.3800000e+07   1.4920656e-02
   1.3820000e+07   1.4324160e-02
   1.3840000e+07   1.3726632e-02
   1.3860000e+07   1.3116204e-02
   1.3880000e+07   1.2506292e-02
   1.3900000e+07   1.1995452e-02
   1.3920000e+07   1.1486160e-02
   1.3940000e+07   1.0974288e-02
   1.3960000e+07   1.0444872e-02
   1.3980000e+07   9.9391920e-03
   1.4000000e+07   9.5114280e-03
   1.4020000e+07   9.0836640e-03
   1.4040000e+07   8.6512560e-03
   1.4060000e+07   8.1971760e-03
   1.4080000e+07   7.7921160e-03
   1.4100000e+07   7.4396880e-03
   1.4120000e+07   7.0862280e-03
   1.4140000e+07   6.7276080e-03
   1.4160000e+07   6.3395760e-03
   1.4180000e+07   6.0294600e-03
   1.4200000e+07   5.7435960e-03
   1.4220000e+07   5.4567000e-03
   1.4240000e+07   5.1630960e-03
   1.4260000e+07   4.8359520e-03
   1.4280000e+07   4.6078800e-03
   1.4300000e+07   4.3798080e-03
   1.4320000e+07   4.1507040e-03
   1.4340000e+07   3.9138600e-03
   1.4360000e+07   3.6605040e-03
   1.4380000e+07   3.4819680e-03
   1.4400000e+07   3.3029160e-03
   1.4420000e+07   3.1223160e-03
   1.4440000e+07   2.9339760e-03
   1.4460000e+07   2.7435720e-03
   1.4480000e+07   2.6052840e-03
   1.4500000e+07   2.4664800e-03
   1.4520000e+07   2.3256120e-03
   1.4540000e+07   2.1764880e-03
   1.4560000e+07   2.0371680e-03
   1.4580000e+07   1.9313880e-03
   1.4600000e+07   1.8245760e-03
   1.4620000e+07   1.7162160e-03
   1.4640000e+07   1.5990840e-03
   1.4660000e+07   1.5000120e-03
   1.4680000e+07   1.4195160e-03
   1.4700000e+07   1.3385040e-03
   1.4720000e+07   1.2554280e-03
   1.4740000e+07   1.1625480e-03
   1.4760000e+07   1.0944360e-03
   1.4780000e+07   1.0335480e-03
   1.4800000e+07   9.7214400e-04
   1.4820000e+07   9.0867600e-04
   1.4840000e+07   8.3592000e-04
   1.4860000e+07   7.9051200e-04
   1.4880000e+07   7.4510400e-04
   1.4900000e+07   6.9918000e-04
   1.4920000e+07   6.5119200e-04
   1.4940000e+07   5.9907600e-04
   1.4960000e+07   5.6553600e-04
   1.4980000e+07   5.3148000e-04
   1.5000000e+07   4.9690800e-04
   1.5020000e+07   4.6078800e-04
   1.5040000e+07   4.2415200e-04
   1.5060000e+07   3.9886800e-04
   1.5080000e+07   3.7410000e-04
   1.5100000e+07   3.4830000e-04
   1.5120000e+07   3.2095200e-04
   1.5140000e+07   2.9618400e-04
   1.5160000e+07   2.7760800e-04
   1.5180000e+07   2.5903200e-04
   1.5200000e+07   2.4045600e-04
   1.5220000e+07   2.1981600e-04
   1.5240000e+07   2.0278800e-04
   1.5260000e+07   1.8988800e-04
   1.5280000e+07   1.7647200e-04
   1.5300000e+07   1.6254000e-04
   1.5320000e+07   1.4706000e-04
   1.5340000e+07   1.3622400e-04
   1.5360000e+07   1.2693600e-04
   1.5380000e+07   1.1764800e-04
   1.5400000e+07   1.0784400e-04
   1.5420000e+07   9.6492000e-05
   1.5440000e+07   8.9784000e-05
   1.5460000e+07   8.3592000e-05
   1.5480000e+07   7.6884000e-05
   1.5500000e+07   6.9660000e-05
   1.5520000e+07   6.2436000e-05
   1.5540000e+07   5.7792000e-05
   1.5560000e+07   5.3148000e-05
   1.5580000e+07   4.9020000e-05
   1.5600000e+07   4.3860000e-05
   1.5620000e+07   3.9216000e-05
   1.5640000e+07   3.6120000e-05
   1.5660000e+07   3.3024000e-05
   1.5680000e+07   2.9928000e-05
   1.5700000e+07   2.6832000e-05
   1.5720000e+07   2.3736000e-05
   1.5740000e+07   2.1672000e-05
   1.5760000e+07   1.9608000e-05
   1.5780000e+07   1.7544000e-05
   1.5800000e+07   1.5480000e-05
   1.5820000e+07   1.3932000e-05
   1.5840000e+07   1.2384000e-05
   1.5860000e+07   1.1352000e-05
   1.5880000e+07   9.8040000e-06
   1.5900000e+07   8.2560000e-06
   1.5920000e+07   7.7400000e-06
   1.5940000e+07   6.7080000e-06
   1.5960000e+07   6.1920000e-06
   1.5980000e+07   5.1600000e-06
   1.6000000e+07   4.6440000e-06
   1.6020000e+07   4.1280000e-06
   1.6040000e+07   3.6120000e-06
   1.6060000e+07   3.0960000e-06
   1.6080000e+07   2.5800000e-06
   1.6100000e+07   2.0640000e-06